A 0 106 -0.115566037736 0.0184577522559 26.4528301887 50.858490566 -0.367924528302 -15.0660377358 -79.3301886792 0.537735849057 0.433962264151 -0.217391304348 -0.789473684211
B -1 105 -0.015873015873 0.0289855072464 22.980952381 49.8095238095 0.838095238095 22.380952381 -17.8095238095 0.457142857143 0.552380952381 -0.48275862069 1.0625
C 1 77 -0.0398268398268 0.0581592320723 19.6363636364 62.2207792208 -2.38961038961 34.4935064935 41.5584415584 0.519480519481 0.688311688312 -0.962264150943 -1.825
D 0 95 -0.0434210526316 0.0489702517162 18.3368421053 50.8315789474 2.33684210526 25.7263157895 -69.7052631579 0.715789473684 0.547368421053 -1.05769230769 -1.29411764706
E 1 93 -0.0716845878136 0.0266479663394 21.247311828 58.0322580645 -0.225806451613 21.0860215054 -11.623655914 0.322580645161 0.645161290323 -0.216666666667 -0.733333333333
F 1 81 -0.15200617284 0.128824476651 26.3333333333 52.1481481481 5.24691358025 53.3209876543 -96.3580246914 0.37037037037 0.641975308642 -4.46153846154 -3.56666666667
G 1 95 -0.0147368421053 0.00778032036613 20.5578947368 53.2526315789 1.12631578947 3.37894736842 12.1368421053 0.494736842105 0.663157894737 -0.746031746032 -0.425531914894
H 1 108 -0.0480324074074 0.0531400966184 27.4351851852 51.2592592593 -0.527777777778 25.7314814815 -31.25 0.546296296296 0.444444444444 -1.27083333333 0.406779661017
I 1 82 0.000813008130081 0.0355249204666 17.012195122 63.5975609756 0.121951219512 26.1951219512 1.21951219512 0.548780487805 0.59756097561 -0.142857142857 -0.555555555556
J 1 78 0.0384615384615 0.0128205128205 14.8846153846 52.2692307692 6.07692307692 7.53846153846 22.5897435897 0.628205128205 0.448717948718 0.142857142857 0.918367346939
K 1 92 -0.0710144927536 0.0590737240076 22.3913043478 56.8586956522 -0.75 24.5326086957 -15.7065217391 0.532608695652 0.554347826087 -0.921568627451 -0.34693877551
L 1 78 -0.152243589744 0.000557413600892 27.3076923077 65.4743589744 -6.28205128205 18.1538461538 -77.0512820513 0.397435897436 0.589743589744 1.58695652174 -3.38709677419
M 1 108 0.00246913580247 0.0636070853462 25.037037037 47.9074074074 0.0925925925926 19.1481481481 0.277777777778 0.62962962963 0.342592592593 -3.21621621622 1.0
N 1 124 -0.0942540322581 0.033357771261 31.1048387097 39.8306451613 -0.193548387097 27.5806451613 -57.9032258065 0.572580645161 0.266129032258 1.27272727273 0.633802816901
O 0 74 0.0162162162162 0.0227272727273 17.1621621622 35.1486486486 0.121621621622 8.58108108108 12.8783783784 0.864864864865 0.540540540541 -0.075 -0.375
P 0 83 -0.0926204819277 0.101314348302 24.3734939759 42.0120481928 4.75903614458 38.7590361446 -77.9397590361 0.626506024096 0.578313253012 -2.6875 -2.53846153846
Q 0 90 -0.0125 -0.0217171717172 22.2666666667 37.4555555556 5.84444444444 -14.4222222222 20.4 0.744444444444 0.577777777778 0.980769230769 -0.477611940299
R 0 98 -0.0503401360544 0.041280148423 21.8979591837 44.9489795918 -0.469387755102 7.85714285714 -22.8775510204 0.489795918367 0.571428571429 -1.64285714286 0.291666666667
S 1 80 -0.034375 0.0232954545455 18.4 53.4875 -0.5625 12.6125 -28.7875 0.6 0.85 -0.602941176471 -1.3125
T 1 68 0.0 0.137032085561 14.4411764706 53.7205882353 0.0 98.4411764706 0.0 0.661764705882 0.411764705882 -5.46428571429 -0.422222222222
U 1 94 -0.0525265957447 0.0145067698259 26.8829787234 44.2765957447 -0.936170212766 34.829787234 -32.6595744681 0.627659574468 0.340425531915 2.46875 0.0
V 1 76 0.00526315789474 0.0938995215311 19.5 41.5131578947 -0.0657894736842 93.3552631579 1.25 0.828947368421 0.368421052632 -0.321428571429 -0.174603174603
W 1 113 -0.0188053097345 0.0104585679807 23.1150442478 38.017699115 0.212389380531 28.0 -11.0796460177 0.814159292035 0.300884955752 1.85294117647 -1.07608695652
X 1 78 -0.000854700854701 0.0227272727273 19.858974359 50.5512820513 -0.0384615384615 9.70512820513 -0.115384615385 0.820512820513 0.615384615385 -0.208333333333 -0.421875
Y 1 61 -0.0368852459016 0.0983606557377 16.5573770492 46.9836065574 -0.459016393443 98.8852459016 -27.3442622951 0.868852459016 0.55737704918 -2.91176470588 -1.20754716981
Z 1 82 -0.00406504065041 0.0238359201774 17.5243902439 60.0365853659 0.0609756097561 7.76829268293 -0.914634146341 0.463414634146 0.743902439024 -0.311475409836 -0.5
a 0 73 -0.00821917808219 -0.0965130759651 16.5890410959 28.1780821918 0.917808219178 -46.7260273973 -5.87671232877 0.438356164384 0.739726027397 2.2962962963 0.0
b 0 79 -0.0464135021097 -0.0235903337169 21.582278481 34.6708860759 -5.87341772152 -3.13924050633 -57.8227848101 0.632911392405 0.582278481013 1.39130434783 -0.72
c 1 58 -0.0197044334975 -0.0916927899687 17.5172413793 33.3275862069 0.51724137931 -35.1034482759 33.1724137931 0.5 0.758620689655 2.18181818182 -1.20689655172
d 0 78 0.025641025641 -0.0268065268065 20.5641025641 36.1025641026 6.5 -10.7051282051 44.4743589744 0.641025641026 0.525641025641 1.36585365854 0.76
e 0 76 0.00438596491228 -0.107057416268 17.9078947368 29.1447368421 -1.44736842105 -42.2368421053 14.8684210526 0.381578947368 0.789473684211 2.8 -0.172413793103
f 1 58 -0.0225464190981 0.0901253918495 10.8448275862 43.9482758621 8.91379310345 38.224137931 32.3275862069 0.689655172414 0.551724137931 -4.1875 -2.0
g 0 67 0.01592039801 -0.0834464043419 20.2686567164 25.776119403 -2.40298507463 -42.2537313433 29.2686567164 0.582089552239 0.582089552239 1.51282051282 0.538461538462
h 1 81 -0.0255144032922 -0.0252525252525 23.8148148148 35.8395061728 -6.76543209877 -26.962962963 -38.024691358 0.753086419753 0.41975308642 -0.0588235294118 -0.688524590164
i 1 60 -0.05 -0.0204545454545 9.71666666667 45.5833333333 -3.1 -20.0666666667 -18.8333333333 0.633333333333 0.633333333333 2.05263157895 -1.36842105263
j 1 58 0.125 0.0117554858934 11.8793103448 42.1206896552 2.53448275862 -10.224137931 50.9482758621 0.793103448276 0.431034482759 -3.28 0.847826086957
k 1 74 -0.0990990990991 -0.0251842751843 21.8648648649 36.9054054054 -5.10810810811 -10.0810810811 -64.2162162162 0.675675675676 0.567567567568 1.5 -1.22
l 1 59 -0.0974576271186 -0.0277349768875 10.2203389831 50.2711864407 -3.03389830508 -14.7627118644 -73.3050847458 0.627118644068 0.576271186441 1.47058823529 -1.59459459459
m 1 88 -0.00984848484848 -0.11673553719 19.8068181818 28.1136363636 -0.636363636364 -49.4090909091 0.954545454545 0.579545454545 0.363636363636 2.46875 0.509803921569
n 1 69 -0.0357487922705 -0.0974967061924 23.4057971014 28.9565217391 0.797101449275 -66.0724637681 -16.9710144928 0.63768115942 0.405797101449 1.46428571429 0.590909090909
o 0 66 0.00808080808081 -0.0922865013774 20.4242424242 27.7272727273 -0.242424242424 -40.9696969697 2.45454545455 0.818181818182 0.606060606061 2.375 1.75925925926
p 0 67 -0.0557213930348 -0.125243348475 22.1492537313 33.1492537313 1.98507462687 -64.0149253731 -43.2388059701 0.55223880597 0.522388059701 2.28571428571 0.540540540541
q 0 69 0.0357487922705 -0.122243226213 22.4782608696 32.2608695652 -2.97101449275 -67.0289855072 39.5797101449 0.623188405797 0.507246376812 2.0 0.976744186047
r 1 52 -0.128205128205 -0.0451505016722 24.2307692308 23.1923076923 10.1346153846 -41.25 -88.9807692308 0.538461538462 0.538461538462 -0.107142857143 -1.46428571429
s 1 74 0.0405405405405 -0.119858989424 17.2297297297 32.0810810811 -0.121621621622 -50.9054054054 8.63513513514 0.472972972973 0.837837837838 2.88709677419 -0.685714285714
t 1 61 -0.0749414519906 -0.0584461867427 14.5901639344 35.2131147541 -3.47540983607 -11.2786885246 -26.5245901639 0.672131147541 0.688524590164 1.88095238095 -2.31707317073
u 1 69 0.0357487922705 -0.120352867045 23.4057971014 30.9710144928 -1.85507246377 -50.5797101449 21.8550724638 0.724637681159 0.405797101449 4.78571428571 -0.06
v 1 57 -0.0210526315789 -0.0724637681159 18.3157894737 23.2456140351 0.140350877193 3.01754385965 -9.89473684211 0.789473684211 0.491228070175 2.64285714286 -0.533333333333
w 1 74 0.0216216216216 -0.10223266745 20.4054054054 25.6756756757 -0.22972972973 -30.7162162162 6.63513513514 0.743243243243 0.405405405405 3.73333333333 -0.4
x 1 58 0.0172413793103 -0.116941529235 21.0862068966 33.5862068966 0.120689655172 -57.0172413793 4.12068965517 0.793103448276 0.758620689655 2.86363636364 -0.565217391304
y 1 58 -0.0387931034483 -0.0809595202399 18.6551724138 25.6551724138 1.56896551724 0.775862068966 -23.775862069 0.862068965517 0.5 1.89655172414 -1.26
z 1 66 0.0010101010101 -0.123188405797 16.8333333333 38.8636363636 -0.227272727273 -54.7121212121 4.31818181818 0.469696969697 0.863636363636 2.98245614035 -0.516129032258
& -1 81 -0.00576131687243 -0.0493827160494 17.9382716049 38.049382716 -3.35802469136 -33.4320987654 0.148148148148 0.62962962963 0.716049382716 1.53448275862 -0.803921568627
1 1 85 0.00235294117647 -0.0352941176471 16.8352941176 49.6588235294 -6.74117647059 -33.2823529412 -52.1529411765 0.576470588235 0.470588235294 1.95 0.0816326530612
2 1 97 -0.0144329896907 0.017032720753 21.2680412371 51.0927835052 1.37113402062 8.73195876289 -6.9381443299 0.371134020619 0.701030927835 -0.147058823529 1.0
3 1 94 0.058865248227 0.018038852914 20.8404255319 52.5638297872 -0.553191489362 7.87234042553 0.340425531915 0.5 0.702127659574 -0.166666666667 2.12765957447
4 1 72 0.0128205128205 0.0199275362319 17.6666666667 33.5972222222 -8.18055555556 12.3472222222 14.4583333333 0.708333333333 0.444444444444 1.375 0.666666666667
5 1 89 0.0539325842697 -0.0297997068881 18.404494382 50.2584269663 1.84269662921 -26.0449438202 34.8314606742 0.505617977528 0.696629213483 0.790322580645 0.111111111111
6 0 82 -0.094512195122 -0.111346765642 23.9756097561 46.3414634146 -6.5487804878 -46.1097560976 -70.0609756098 0.609756097561 0.585365853659 3.70833333333 -3.38
7 1 66 0.00473484848485 0.100131752306 16.5303030303 49.7575757576 -0.606060606061 87.5757575758 -32.7272727273 0.681818181818 0.69696969697 -3.45652173913 -0.288888888889
8 -1 92 -0.00144927536232 -0.0576559546314 17.8695652174 45.0434782609 -0.141304347826 -53.0108695652 -0.923913043478 0.597826086957 0.521739130435 2.04166666667 -0.145454545455
9 0 81 0.0393518518519 0.0874932903918 21.4938271605 42.5555555556 -9.3950617284 43.024691358 38.8271604938 0.506172839506 0.592592592593 -2.52083333333 1.68292682927
0 0 100 0.0 -0.0191304347826 24.0 47.02 0.05 -11.65 -1.05 0.52 0.4 1.1 1.11538461538
( 1 46 0.0024154589372 -0.0207939508507 7.32608695652 44.0 -0.369565217391 -4.28260869565 60.847826087 0.782608695652 0.521739130435 0.791666666667 -0.222222222222
$ 1 94 0.00709219858156 -0.0166512488437 16.6595744681 29.0638297872 0.882978723404 -5.1170212766 1.98936170213 0.436170212766 0.670212765957 0.333333333333 -0.292682926829
% 1 81 0.0246913580247 -0.0670960815888 18.6913580247 48.6296296296 6.69135802469 -37.8518518519 41.8518518519 0.518518518519 0.79012345679 2.234375 -0.738095238095
. 1 18 -0.111111111111 -0.195652173913 6.66666666667 26.2777777778 4.0 -30.0 -24.0 0.555555555556 0.777777777778 4.64285714286 -0.8
, 1 32 0.05625 -0.213315217391 8.8125 37.46875 -6.59375 -40.65625 62.21875 0.6875 0.5625 4.22222222222 0.136363636364
! 1 44 -0.00324675324675 -0.0128458498024 3.88636363636 45.1590909091 -0.159090909091 -0.25 -1.11363636364 0.772727272727 0.545454545455 2.16666666667 -0.764705882353
? 1 65 -0.0553846153846 0.0200668896321 15.3846153846 36.4 10.4461538462 18.5384615385 -19.4307692308 0.769230769231 0.784615384615 -0.823529411765 -1.5
) 1 45 0.0296296296296 -0.0106280193237 7.28888888889 42.2888888889 -0.533333333333 0.0 -44.6666666667 0.888888888889 0.533333333333 0.666666666667 -0.275
