A 0 106 -0.115566037736 1 1 16 23 0.0184577522559 26.4528301887 50.858490566 -0.367924528302 -15.0660377358 -79.3301886792
B -1 105 -0.015873015873 20 1 15 23 0.0289855072464 22.980952381 49.8095238095 0.838095238095 22.380952381 -17.8095238095
C 1 77 -0.0398268398268 39 1 15 23 0.0581592320723 19.6363636364 62.2207792208 -2.38961038961 34.4935064935 41.5584415584
D 0 95 -0.0434210526316 56 1 16 23 0.0489702517162 18.3368421053 50.8315789474 2.33684210526 25.7263157895 -69.7052631579
E 1 93 -0.0716845878136 75 1 15 23 0.0266479663394 21.247311828 58.0322580645 -0.225806451613 21.0860215054 -11.623655914
F 1 81 -0.15200617284 93 1 16 23 0.128824476651 26.3333333333 52.1481481481 5.24691358025 53.3209876543 -96.3580246914
G 1 95 -0.0147368421053 112 1 15 23 0.00778032036613 20.5578947368 53.2526315789 1.12631578947 3.37894736842 12.1368421053
H 1 108 -0.0480324074074 130 1 16 23 0.0531400966184 27.4351851852 51.2592592593 -0.527777777778 25.7314814815 -31.25
I 1 82 0.000813008130081 148 1 15 23 0.0355249204666 17.012195122 63.5975609756 0.121951219512 26.1951219512 1.21951219512
J 1 78 0.0384615384615 168 1 13 23 0.0128205128205 14.8846153846 52.2692307692 6.07692307692 7.53846153846 22.5897435897
K 1 92 -0.0710144927536 185 1 15 23 0.0590737240076 22.3913043478 56.8586956522 -0.75 24.5326086957 -15.7065217391
L 1 78 -0.152243589744 203 1 16 23 0.000557413600892 27.3076923077 65.4743589744 -6.28205128205 18.1538461538 -77.0512820513
M 1 108 0.00246913580247 222 1 15 23 0.0636070853462 25.037037037 47.9074074074 0.0925925925926 19.1481481481 0.277777777778
N 1 124 -0.0942540322581 1 37 16 22 0.033357771261 31.1048387097 39.8306451613 -0.193548387097 27.5806451613 -57.9032258065
O 1 74 0.0162162162162 20 37 15 22 0.0227272727273 17.1621621622 35.1486486486 0.121621621622 8.58108108108 12.8783783784
P 1 83 -0.0926204819277 38 37 16 22 0.101314348302 24.3734939759 42.0120481928 4.75903614458 38.7590361446 -77.9397590361
Q 1 90 -0.0125 56 37 16 22 -0.0217171717172 22.2666666667 37.4555555556 5.84444444444 -14.4222222222 20.4
R 1 98 -0.0503401360544 75 37 15 22 0.041280148423 21.8979591837 44.9489795918 -0.469387755102 7.85714285714 -22.8775510204
S 0 80 -0.034375 93 37 16 22 0.0232954545455 18.4 53.4875 -0.5625 12.6125 -28.7875
T 0 68 0.0 112 37 15 22 0.137032085561 14.4411764706 53.7205882353 0.0 98.4411764706 0.0
U 0 94 -0.0525265957447 130 37 16 22 0.0145067698259 26.8829787234 44.2765957447 -0.936170212766 34.829787234 -32.6595744681
V 0 76 0.00526315789474 148 37 15 22 0.0938995215311 19.5 41.5131578947 -0.0657894736842 93.3552631579 1.25
W 1 113 -0.0188053097345 166 37 16 22 0.0104585679807 23.1150442478 38.017699115 0.212389380531 28.0 -11.0796460177
X 1 78 -0.000854700854701 185 37 15 22 0.0227272727273 19.858974359 50.5512820513 -0.0384615384615 9.70512820513 -0.115384615385
Y 1 61 -0.0368852459016 203 37 16 22 0.0983606557377 16.5573770492 46.9836065574 -0.459016393443 98.8852459016 -27.3442622951
Z 1 82 -0.00406504065041 222 37 15 22 0.0238359201774 17.5243902439 60.0365853659 0.0609756097561 7.76829268293 -0.914634146341
