A 0 80 -0.050625 -0.000961538461538 23.5375 34.6 0.0875 -76.6125 -35.5125 0.725 0.65 1.59615384615 -1.68965517241
B -1 103 -0.00539374325782 0.0896191187453 24.1747572816 47.6699029126 0.0291262135922 48.8058252427 -33.5048543689 0.650485436893 0.640776699029 -1.93939393939 -1.08955223881
C 1 86 -0.0167958656331 0.105098389982 28.2558139535 49.0348837209 0.709302325581 79.8023255814 16.6162790698 0.651162790698 0.651162790698 -2.07142857143 -0.571428571429
D 0 101 -0.0351485148515 0.0990099009901 30.8217821782 50.2178217822 -2.73267326733 85.9405940594 -83.3267326733 0.70297029703 0.554455445545 -2.35714285714 -1.38028169014
E 1 114 0.0203139427516 0.0961538461538 25.2631578947 50.3070175439 -0.228070175439 66.5263157895 0.228070175439 0.675438596491 0.631578947368 -2.34722222222 -0.597402597403
F 1 91 -0.0494505494505 0.153846153846 22.1648351648 55.7802197802 3.24175824176 103.043956044 -39.7692307692 0.736263736264 0.615384615385 -4.25 -1.92537313433
G 1 97 -0.0319587628866 0.0975416336241 30.7216494845 44.6391752577 -1.45360824742 76.1340206186 -19.6804123711 0.618556701031 0.711340206186 -2.28985507246 -1.35
H 1 118 -0.0161787365177 0.0958279009126 35.6949152542 52.6271186441 -1.77118644068 98.5847457627 -19.1440677966 0.71186440678 0.627118644068 -2.24324324324 -1.64285714286
I 1 55 -0.0581818181818 0.101398601399 8.50909090909 54.9272727273 -0.945454545455 23.3090909091 -28.2545454545 0.763636363636 0.472727272727 -1.92307692308 -1.2380952381
J 1 69 0.0173913043478 0.0685618729097 15.7971014493 43.3188405797 11.4202898551 30.0579710145 73.2753623188 0.739130434783 0.492753623188 -1.38235294118 0.0392156862745
K 1 109 -0.0558798999166 0.091037402964 32.7155963303 54.6605504587 -3.4495412844 58.5688073394 -37.5779816514 0.697247706422 0.715596330275 -1.88461538462 -2.59210526316
L 1 76 -0.0704334365325 0.0273279352227 25.6447368421 45.2368421053 -12.3026315789 7.11842105263 -111.592105263 0.684210526316 0.552631578947 0.142857142857 -2.19230769231
M 1 86 0.0178294573643 0.0572450805009 17.4069767442 38.4186046512 -3.44186046512 21.0465116279 -51.8837209302 0.872093023256 0.46511627907 -0.6 0.28
N 1 108 -0.000881834215168 0.108974358974 35.462962963 49.2222222222 3.34259259259 113.787037037 -4.5462962963 0.824074074074 0.537037037037 -2.79310344828 -0.707865168539
O 0 88 -0.00358851674641 0.0961538461538 30.2954545455 45.1363636364 -0.170454545455 75.7386363636 -1.85227272727 0.681818181818 0.590909090909 -2.15384615385 -0.0666666666667
P 0 85 -0.0699346405229 0.142986425339 23.8235294118 54.8 2.18823529412 91.6 -73.7882352941 0.682352941176 0.658823529412 -3.375 -2.20689655172
Q -1 109 -0.0133027522936 0.0268172194778 30.3211009174 49.0825688073 -8.91743119266 21.8532110092 27.5229357798 0.678899082569 0.642201834862 -0.2 -0.405405405405
R 0 106 -0.0490566037736 0.0867198838897 27.7547169811 47.8962264151 -5.52830188679 44.8490566038 -83.6981132075 0.698113207547 0.622641509434 -2.24242424242 -1.94594594595
S 1 97 -0.0502577319588 0.0880253766852 22.5979381443 45.6494845361 -0.0103092783505 41.618556701 -25.8865979381 0.505154639175 0.742268041237 -2.16666666667 -0.632653061224
T 1 88 -0.0176767676768 0.163898601399 24.2727272727 59.4431818182 -1.90909090909 160.204545455 -20.1136363636 0.670454545455 0.568181818182 -3.82 -0.525423728814
U 1 97 -0.0238987816307 0.132434575734 33.3298969072 55.8556701031 -1.09278350515 175.422680412 -25.9381443299 0.79381443299 0.536082474227 -3.63461538462 -1.61038961039
V 1 77 -0.0246753246753 0.1998001998 24.1298701299 60.1558441558 -2.22077922078 199.051948052 -24.6103896104 0.831168831169 0.571428571429 -6.02272727273 -1.34375
W 1 57 0.0687134502924 0.172739541161 11.3157894737 56.350877193 -3.01754385965 58.7719298246 -5.64912280702 0.824561403509 0.508771929825 -5.20689655172 0.212765957447
X 1 95 -0.0578947368421 0.0874493927126 27.9789473684 58.4421052632 -2.57894736842 45.4842105263 -63.3157894737 0.705263157895 0.8 -2.09210526316 -1.71641791045
Y 1 78 0.000610500610501 0.169625246548 21.7820512821 66.9743589744 0.371794871795 177.397435897 5.01282051282 0.782051282051 0.74358974359 -4.74137931034 -0.819672131148
Z 1 92 -0.00831202046036 0.0911371237458 20.8152173913 52.847826087 -1.6847826087 41.8586956522 -17.1195652174 0.739130434783 0.717391304348 -1.87878787879 -1.11764705882
a 1 62 -0.0714285714286 -0.0347394540943 15.3548387097 19.4516129032 -0.403225806452 -22.5 -11.0483870968 0.629032258065 0.661290322581 1.19512195122 -1.28205128205
b 0 76 -0.0245614035088 0.0516194331984 16.9736842105 37.0 -6.64473684211 25.3026315789 -79.9605263158 0.723684210526 0.5 -0.605263157895 -1.49090909091
c 1 51 0.025641025641 -0.0211161387632 12.8039215686 18.0784313725 -0.313725490196 -6.94117647059 9.05882352941 0.705882352941 0.745098039216 0.815789473684 -0.833333333333
d 0 77 0.00692640692641 0.0589410589411 16.3636363636 40.0779220779 2.94805194805 5.46753246753 47.8311688312 0.623376623377 0.545454545455 -0.809523809524 0.208333333333
e 1 59 -0.00782268578879 -0.026075619296 12.9830508475 17.7627118644 -0.677966101695 -9.15254237288 -3.01694915254 0.576271186441 0.694915254237 0.926829268293 -0.352941176471
f 1 53 -0.133647798742 0.11465892598 11.9056603774 52.3773584906 3.37735849057 26.7735849057 -22.0943396226 0.811320754717 0.603773584906 -3.625 -2.48837209302
g 0 84 -0.0662202380952 -0.103937728938 17.5357142857 38.9404761905 6.61904761905 -55.6428571429 -54.4523809524 0.619047619048 0.666666666667 2.75 -2.32692307692
h 1 78 -0.0600961538462 0.0414201183432 19.9871794872 38.2307692308 -9.5641025641 25.4358974359 -100.58974359 0.833333333333 0.461538461538 -0.527777777778 -2.01538461538
i 1 49 0.0136054421769 0.0894819466248 4.89795918367 47.1836734694 0.0204081632653 7.28571428571 15.3265306122 0.755102040816 0.612244897959 -2.56666666667 -0.864864864865
j 1 62 0.117302052786 -0.0124069478908 8.90322580645 60.2258064516 6.82258064516 -4.72580645161 60.2419354839 0.758064516129 0.532258064516 -0.212121212121 0.553191489362
k 1 80 -0.0578125 0.0447115384615 19.425 40.4625 -8.475 28.95 -83.425 0.7625 0.525 -0.166666666667 -2.49180327869
l 1 47 -0.00236406619385 0.0875613747954 5.04255319149 49.8510638298 -2.31914893617 10.8723404255 -15.4680851064 0.872340425532 0.425531914894 -1.7 -0.975609756098
m 1 100 -0.00391304347826 -0.0307692307692 38.57 22.86 -2.8 -36.5 -4.68 0.73 0.61 1.01639344262 -1.08219178082
n 1 65 -0.0194871794872 -0.0319526627219 19.3076923077 22.5230769231 -1.78461538462 -23.5076923077 -10.8923076923 0.738461538462 0.523076923077 1.0 -0.875
o 0 52 -0.032967032967 -0.0192307692308 14.6153846154 18.1923076923 0.230769230769 -7.30769230769 -9.0 0.807692307692 0.615384615385 0.8125 -1.2380952381
p 0 69 -0.0662525879917 -0.0607580824972 18.2028985507 31.0289855072 4.30434782609 -31.9275362319 -69.1449275362 0.710144927536 0.521739130435 1.63888888889 -1.87755102041
q 0 68 -0.0147058823529 -0.064479638009 16.8823529412 31.1470588235 -3.42647058824 -29.0735294118 33.8970588235 0.661764705882 0.5 2.0 -0.0444444444444
r 1 38 0.0321637426901 -0.0131578947368 6.18421052632 24.1315789474 -0.5 1.55263157895 5.07894736842 0.815789473684 0.578947368421 0.727272727273 -0.677419354839
s 1 60 0.00128205128205 -0.0198717948718 11.65 19.95 0.916666666667 -9.78333333333 -1.01666666667 0.633333333333 0.766666666667 0.934782608696 -0.789473684211
t 1 52 -0.0367132867133 0.042899408284 8.86538461538 30.8076923077 -3.53846153846 6.5 -24.1923076923 0.769230769231 0.538461538462 -0.357142857143 -1.525
u 1 66 -0.00473484848485 -0.0110722610723 19.2272727273 22.0757575758 -3.09090909091 2.21212121212 1.15151515152 0.772727272727 0.545454545455 1.02777777778 -1.01960784314
v 1 50 0.0133333333333 0.0476923076923 13.32 19.76 0.2 42.08 1.16 0.84 0.6 -1.63333333333 -0.690476190476
w 1 39 0.0564102564103 0.0335305719921 7.23076923077 18.8717948718 -2.79487179487 9.41025641026 5.05128205128 0.897435897436 0.589743589744 -1.08695652174 -0.0857142857143
x -1 64 -0.00833333333333 -0.0222355769231 15.375 26.484375 0.828125 -10.359375 -2.390625 0.65625 0.78125 0.4 -0.785714285714
y 1 66 -0.0515151515152 -0.0501165501166 15.5303030303 38.9696969697 9.25757575758 -20.2878787879 -89.1666666667 0.742424242424 0.621212121212 0.90243902439 -1.04081632653
z 1 59 -0.0522598870056 -0.022816166884 12.8644067797 23.6101694915 -0.677966101695 -6.57627118644 -11.5593220339 0.64406779661 0.745762711864 0.727272727273 -0.921052631579
& -1 107 -0.0397196261682 0.0611071171819 26.8317757009 35.5327102804 -3.22429906542 4.58878504673 -44.1401869159 0.644859813084 0.700934579439 -0.853333333333 -1.59420289855
1 1 58 -0.0359195402299 0.0431034482759 9.05172413793 45.8448275862 -3.72413793103 -0.620689655172 -35.724137931 0.689655172414 0.51724137931 0.2 -1.225
2 1 80 -0.0392857142857 0.0855769230769 15.85 45.275 -2.8625 28.2875 -45.0625 0.6625 0.725 -1.36206896552 -0.981132075472
3 1 79 -0.000904159132007 0.087147030185 14.5696202532 42.6455696203 1.0 28.4430379747 -1.10126582278 0.73417721519 0.708860759494 -2.17857142857 -0.741379310345
4 0 65 0.0420512820513 0.00295857988166 13.0307692308 29.5846153846 0.984615384615 -8.36923076923 52.0615384615 0.784615384615 0.676923076923 1.06818181818 -0.117647058824
5 1 81 0.00569800569801 0.0579297245964 14.4444444444 38.4444444444 1.22222222222 20.5555555556 14.0617283951 0.62962962963 0.691358024691 -1.55357142857 -0.666666666667
6 0 81 -0.0379188712522 0.0641025641026 16.1851851852 36.4320987654 0.320987654321 23.012345679 -8.12345679012 0.617283950617 0.654320987654 -1.60377358491 -0.76
7 1 61 -0.0503512880562 0.138713745271 12.9344262295 49.8360655738 -1.31147540984 78.0 -25.3770491803 0.704918032787 0.590163934426 -4.58333333333 -0.976744186047
8 -1 82 0.0178861788618 0.0515947467167 16.4146341463 40.9756097561 0.853658536585 13.4634146341 12.6585365854 0.719512195122 0.658536585366 -0.925925925926 -0.779661016949
9 0 80 -0.0723214285714 0.0591346153846 16.8375 37.4125 -0.1875 26.5875 -45.4375 0.65 0.6125 -0.734693877551 -0.826923076923
0 0 78 -0.0531135531136 0.0576923076923 16.9487179487 36.5 -1.11538461538 25.4230769231 -23.3974358974 0.74358974359 0.435897435897 -0.852941176471 -0.758620689655
( 1 48 -0.0859375 0.0184294871795 6.1875 47.6875 0.0833333333333 2.375 24.4166666667 0.729166666667 0.416666666667 0.4 -0.771428571429
$ 1 85 -0.0579831932773 0.0248868778281 15.4941176471 42.2941176471 -0.329411764706 5.71764705882 -29.0352941176 0.647058823529 0.729411764706 -1.08064516129 -0.872727272727
. 1 14 -0.0612244897959 -0.230769230769 4.0 40.0 2.57142857143 -24.0 -17.4285714286 0.642857142857 0.857142857143 6.08333333333 -0.666666666667
! 1 43 0.0299003322259 0.0474060822898 4.06976744186 39.6046511628 -0.255813953488 5.23255813953 10.0697674419 0.906976744186 0.418604651163 1.27777777778 -0.74358974359
? 1 59 -0.0169491525424 0.105606258149 8.81355932203 45.2542372881 0.525423728814 43.8474576271 -8.35593220339 0.779661016949 0.677966101695 -2.15 -0.891304347826
) 1 48 -0.0162037037037 0.0 5.85416666667 47.2083333333 0.333333333333 -0.541666666667 -60.4583333333 0.833333333333 0.458333333333 0.5 -0.625
