A 0 75 -0.000701754385965 0.0325925925926 21.7733333333 31.92 -0.12 -45.9866666667 1.64 0.773333333333 0.64 0.354166666667 -0.913793103448
B -1 88 -0.0404829545455 0.103956228956 18.9659090909 46.6022727273 -2.96590909091 50.7613636364 -60.9204545455 0.75 0.613636363636 -2.68518518519 -1.5303030303
C 1 67 -0.0652985074627 0.105030403538 21.4328358209 48.5373134328 -2.5671641791 59.7313432836 0.208955223881 0.641791044776 0.776119402985 -2.76923076923 -1.62790697674
D 0 90 -0.00196078431373 0.111111111111 23.9444444444 48.3777777778 -0.0444444444444 72.6666666667 -37.7333333333 0.777777777778 0.533333333333 -2.58333333333 -0.785714285714
E 1 92 -0.0353260869565 0.104669887279 19.3695652174 50.4347826087 -2.36956521739 44.7391304348 -32.6086956522 0.619565217391 0.673913043478 -2.51612903226 -1.84210526316
F 1 76 -0.0324561403509 0.155458089669 15.6710526316 57.5657894737 4.60526315789 79.6842105263 1.0 0.657894736842 0.657894736842 -4.04 -1.98
G 1 86 -0.0226098191214 0.108096468562 25.2674418605 44.5697674419 -1.22093023256 76.1511627907 2.1976744186 0.593023255814 0.720930232558 -3.12903225806 -1.45098039216
H 1 102 0.00103199174407 0.110748002905 28.7647058824 51.068627451 0.0588235294118 86.4509803922 0.882352941176 0.745098039216 0.588235294118 -2.58333333333 -0.894736842105
I 1 48 0.0 0.111111111111 5.41666666667 53.5833333333 0.0 16.25 0.0 0.791666666667 0.5 -2.5 -0.894736842105
J 1 59 0.0431432973806 0.0112994350282 6.27118644068 67.9322033898 6.16949152542 0.305084745763 1.32203389831 0.864406779661 0.406779661017 0.291666666667 -0.392156862745
K 1 90 -0.0538011695906 0.117283950617 25.3111111111 54.4777777778 -4.07777777778 63.7666666667 -38.8777777778 0.811111111111 0.666666666667 -2.51666666667 -1.94520547945
L 1 66 -0.112689393939 0.0465768799102 21.4393939394 43.803030303 -12.1060606061 31.2878787879 -137.681818182 0.757575757576 0.575757575758 -0.157894736842 -2.78
M 1 127 -0.0119821978774 0.0810731991834 43.9921259843 39.6377952756 0.779527559055 108.023622047 -6.32283464567 0.811023622047 0.44094488189 -1.69642857143 -0.883495145631
N 1 100 -0.0147368421053 0.118518518519 29.64 46.82 3.55 93.31 -0.77 0.8 0.48 -3.1875 -0.9375
O 0 82 -0.0379403794038 0.111111111111 28.3414634146 44.3658536585 -2.0487804878 85.0243902439 -33.6341463415 0.69512195122 0.634146341463 -2.71153846154 -0.701754385965
P 0 75 -0.0355555555556 0.142716049383 16.08 52.1466666667 2.68 71.3466666667 -29.9066666667 0.693333333333 0.613333333333 -3.36956521739 -1.61538461538
Q 0 95 -0.0116959064327 0.0421052631579 27.3052631579 54.1473684211 -5.68421052632 52.4 13.7052631579 0.736842105263 0.631578947368 -0.3 -0.328571428571
R 0 89 -0.0317250495704 0.0986267166042 20.1348314607 46.9550561798 -4.79775280899 33.8539325843 -48.2808988764 0.752808988764 0.606741573034 -2.22222222222 -1.40298507463
S 1 72 -0.00320512820513 0.108024691358 14.7916666667 45.3611111111 1.08333333333 42.4166666667 6.38888888889 0.583333333333 0.777777777778 -2.91071428571 -0.285714285714
T 1 71 -0.003314001657 0.18257694314 17.7464788732 67.2394366197 0.380281690141 144.126760563 -2.57746478873 0.704225352113 0.56338028169 -5.275 -0.56
U 1 88 0.00956937799043 0.136363636364 27.0681818182 52.7272727273 0.409090909091 137.954545455 2.90909090909 0.806818181818 0.545454545455 -3.41666666667 -0.732394366197
V 1 74 -0.00568990042674 0.196696696697 19.5945945946 60.5810810811 -0.108108108108 160.459459459 -0.810810810811 0.851351351351 0.594594594595 -6.52272727273 -1.07936507937
W 1 123 0.0117434507678 0.161999397772 47.6991869919 50.9593495935 2.30081300813 303.081300813 24.6422764228 0.853658536585 0.471544715447 -4.86206896552 -0.571428571429
X 1 83 -0.0348058902276 0.111111111111 22.0722891566 56.6626506024 -1.14457831325 57.2891566265 -29.6506024096 0.759036144578 0.722891566265 -2.71666666667 -1.28571428571
Y 1 69 0.0179028132992 0.173913043478 16.3913043478 65.3913043478 2.04347826087 134.15942029 29.5797101449 0.782608695652 0.666666666667 -5.02173913043 -0.62962962963
Z 1 79 -0.0174050632911 0.102203469292 17.7721518987 54.5063291139 -3.54430379747 44.4556962025 -30.4050632911 0.721518987342 0.784810126582 -2.87096774194 -1.29824561404
a 1 61 -0.0365699873897 -0.010321797207 12.0819672131 23.4590163934 -2.54098360656 -6.2131147541 -7.81967213115 0.672131147541 0.737704918033 0.711111111111 -0.560975609756
b 0 80 -0.0515625 0.0513888888889 21.325 38.3875 -6.025 33.525 -103.7 0.75 0.55 -0.477272727273 -1.85
c 1 56 -0.0164835164835 0.00198412698413 14.1428571429 24.4464285714 -0.357142857143 -1.28571428571 10.6785714286 0.553571428571 0.714285714286 0.3 -1.0
d 0 82 -0.0297256097561 0.0532971996387 18.8658536585 39.5853658537 1.9512195122 5.87804878049 30.1463414634 0.670731707317 0.560975609756 -0.608695652174 -0.618181818182
e 0 61 0.0100882723834 -0.00546448087432 14.262295082 21.5573770492 -0.885245901639 -3.08196721311 6.49180327869 0.540983606557 0.786885245902 0.354166666667 -0.333333333333
f 1 58 -0.0775862068966 0.107279693487 10.0 54.5172413793 4.27586206897 27.4137931034 3.62068965517 0.706896551724 0.620689655172 -3.13888888889 -2.12195121951
g 0 90 0.00814814814815 -0.0995884773663 15.9888888889 46.5777777778 2.48888888889 -50.9333333333 -0.444444444444 0.622222222222 0.633333333333 3.12280701754 -1.17857142857
h 1 82 -0.0430416068867 0.0379403794038 21.3414634146 39.4634146341 -7.91463414634 17.2073170732 -89.6707317073 0.80487804878 0.487804878049 -0.175 -1.65151515152
i 1 52 -0.0538461538462 0.0769230769231 5.84615384615 48.6153846154 -1.96153846154 2.46153846154 -29.5769230769 0.75 0.596153846154 -0.774193548387 -1.51282051282
j 1 56 0.0825892857143 -0.00793650793651 4.625 60.4642857143 1.82142857143 -8.64285714286 21.6785714286 0.892857142857 0.357142857143 0.1 -0.2
k 1 80 -0.0640625 0.0541666666667 20.25 41.9625 -6.7875 26.8125 -83.4875 0.825 0.6 -0.9375 -2.07575757576
l 1 48 -0.0138888888889 0.0763888888889 5.16666666667 50.1458333333 -1.85416666667 7.4375 -21.2708333333 0.833333333333 0.458333333333 -1.0 -0.975
m 1 105 -0.0115942028986 -0.00811287477954 43.1619047619 25.2476190476 -1.97142857143 -22.9428571429 -19.0380952381 0.761904761905 0.533333333333 0.125 -0.5125
n 1 72 -0.0572916666667 -0.00925925925926 19.9166666667 25.5 -1.72222222222 -13.3333333333 -29.6111111111 0.75 0.527777777778 0.657894736842 -1.42592592593
o 0 64 -0.0357142857143 0.0 17.125 21.75 0.0 0.0 -10.875 0.640625 0.5625 0.388888888889 -0.585365853659
p 0 85 -0.0529411764706 -0.0352941176471 20.5647058824 42.9764705882 6.55294117647 -18.5058823529 -107.4 0.729411764706 0.564705882353 1.4375 -1.87096774194
q 0 85 -0.0213235294118 -0.0357298474946 18.8117647059 42.7529411765 -3.83529411765 1.6 46.0 0.647058823529 0.611764705882 1.32692307692 -0.381818181818
r 1 49 -0.0753532182104 0.0657596371882 12.3673469388 30.5510204082 2.95918367347 28.8367346939 -21.7755102041 0.69387755102 0.69387755102 -1.61764705882 -1.97058823529
s 1 58 -0.00718390804598 0.0312899106003 10.8793103448 23.6724137931 0.724137931034 6.31034482759 -3.24137931034 0.637931034483 0.793103448276 -0.782608695652 -1.2972972973
t 1 43 -0.0103359173127 0.0732127476314 6.60465116279 33.7441860465 -1.93023255814 14.488372093 -0.255813953488 0.767441860465 0.511627906977 -1.54545454545 -1.15151515152
u 1 70 0.0109243697479 0.0444444444444 20.1 26.9142857143 -4.12857142857 27.9571428571 1.32857142857 0.814285714286 0.485714285714 0.264705882353 -0.859649122807
v 1 58 -0.0269396551724 0.0970625798212 15.8793103448 28.2413793103 -1.18965517241 73.4655172414 -15.0172413793 0.827586206897 0.586206896552 -3.02941176471 -1.125
w 1 45 0.06 0.0674897119342 8.24444444444 25.0222222222 -2.84444444444 19.6888888889 -3.73333333333 0.844444444444 0.466666666667 -1.95238095238 0.105263157895
x 0 71 -0.0299295774648 0.0349504434011 18.1126760563 31.1408450704 0.0422535211268 11.0845070423 -14.4929577465 0.676056338028 0.760563380282 -0.925925925926 -1.3125
y 1 73 -0.0702054794521 -0.00862506341958 16.9589041096 47.6575342466 7.93150684932 7.32876712329 -112.97260274 0.808219178082 0.630136986301 0.717391304348 -1.62711864407
z 1 61 -0.0138713745271 0.0309653916211 13.7868852459 28.0491803279 -2.14754098361 6.67213114754 -11.6885245902 0.590163934426 0.770491803279 -0.659574468085 -0.444444444444
& 0 98 -0.034693877551 0.078231292517 25.7755102041 37.2346938776 -5.31632653061 24.0918367347 -39.6020408163 0.683673469388 0.714285714286 -1.61428571429 -1.82089552239
1 1 55 0.0125874125874 0.0767676767677 9.29090909091 44.3272727273 -2.50909090909 12.2909090909 -7.81818181818 0.745454545455 0.581818181818 -0.75 -0.707317073171
2 1 71 -0.0623742454728 0.0985915492958 14.8169014085 47.4507042254 -4.04225352113 36.9154929577 -59.3943661972 0.605633802817 0.760563380282 -1.96296296296 -0.790697674419
3 1 70 -0.0561224489796 0.112169312169 15.2142857143 46.6 -2.81428571429 43.8428571429 -59.0714285714 0.657142857143 0.8 -3.0 -0.978260869565
4 0 69 0.0444444444444 0.0654857756307 14.231884058 33.1884057971 1.6231884058 15.3913043478 59.8260869565 0.68115942029 0.652173913043 -0.644444444444 -0.0212765957447
5 1 76 0.00101214574899 0.119395711501 14.4868421053 47.8815789474 1.14473684211 45.9868421053 7.32894736842 0.592105263158 0.736842105263 -2.92857142857 -0.466666666667
6 0 77 -0.025974025974 0.121693121693 15.3766233766 43.1038961039 0.142857142857 48.0909090909 1.77922077922 0.662337662338 0.623376623377 -3.375 -0.921568627451
7 1 58 -0.0332512315271 0.195402298851 12.6379310345 63.8275862069 -1.6724137931 97.8448275862 -44.3620689655 0.724137931034 0.620689655172 -5.91666666667 -0.809523809524
8 -1 78 -0.0540293040293 0.108262108262 16.0897435897 43.3846153846 -2.39743589744 43.2692307692 -28.3205128205 0.641025641026 0.666666666667 -2.55769230769 -0.98
9 0 75 -0.00307692307692 0.110617283951 14.76 41.7333333333 1.12 47.12 -6.21333333333 0.64 0.64 -2.02083333333 0.0833333333333
0 0 76 -0.0582706766917 0.111111111111 18.0789473684 41.3947368421 -2.44736842105 54.2368421053 -37.2368421053 0.697368421053 0.473684210526 -2.44444444444 -0.566037735849
( 1 48 -0.037037037037 0.0740740740741 6.91666666667 51.2083333333 -0.666666666667 13.8333333333 46.9166666667 0.729166666667 0.5 -1.5 -0.714285714286
$ 1 72 0.0235042735043 0.0874485596708 13.0277777778 39.8333333333 1.48611111111 31.7638888889 16.7083333333 0.652777777778 0.722222222222 -2.48076923077 -0.553191489362
. 1 15 -0.0285714285714 -0.138271604938 4.33333333333 17.8666666667 1.13333333333 -16.3333333333 -6.46666666667 0.6 0.8 3.83333333333 -0.333333333333
! 1 42 -0.0674603174603 0.111111111111 4.21428571429 45.6666666667 -1.16666666667 15.4523809524 -21.5476190476 0.714285714286 0.428571428571 -0.888888888889 -0.666666666667
? 1 56 0.0137362637363 0.159391534392 9.82142857143 53.9107142857 1.44642857143 63.4821428571 -3.73214285714 0.75 0.75 -4.2380952381 -0.47619047619
) 1 50 0.0622222222222 0.0740740740741 6.88 54.16 1.34 14.5 -29.86 0.84 0.48 -1.54166666667 0.0
