A 0 70 0.0100840336134 0.0346153846154 20.0571428571 35.8714285714 0.614285714286 -40.7571428571 6.72857142857 0.8 0.514285714286 0.194444444444 -0.625
B -1 88 -0.0731534090909 0.0961538461538 22.7840909091 45.3636363636 -3.06818181818 55.3409090909 -72.1818181818 0.5 0.636363636364 -2.19642857143 -1.02272727273
C 1 70 -0.0267857142857 0.102747252747 21.9142857143 50.0428571429 0.342857142857 64.2285714286 48.0 0.542857142857 0.714285714286 -2.26 -2.36842105263
D 0 84 -0.0907738095238 0.0966117216117 25.5952380952 43.630952381 -3.63095238095 63.9880952381 -90.7738095238 0.5 0.47619047619 -1.975 0.452380952381
E 1 87 -0.0361247947455 0.0981432360743 18.5057471264 48.0229885057 -1.11494252874 46.0804597701 -22.0344827586 0.333333333333 0.712643678161 -2.53225806452 -2.10344827586
F 1 71 -0.0610328638498 0.153846153846 17.7887323944 49.2957746479 2.7323943662 65.6056338028 -23.6056338028 0.549295774648 0.647887323944 -4.32608695652 -3.69230769231
G 1 81 0.0411522633745 0.0911680911681 19.6790123457 39.8024691358 0.925925925926 43.8148148148 44.037037037 0.592592592593 0.641975308642 -2.61538461538 -0.479166666667
H 1 90 0.0148148148148 0.0965811965812 24.3777777778 45.0888888889 0.6 60.2888888889 4.13333333333 0.722222222222 0.377777777778 -1.85294117647 0.369230769231
I 1 68 -0.0546218487395 0.0961538461538 13.9411764706 54.1470588235 -1.91176470588 34.8529411765 -45.3235294118 0.5 0.676470588235 -2.26086956522 -1.52941176471
J 1 55 0.0896103896104 0.0468531468531 17.8363636364 40.8545454545 14.4909090909 23.2545454545 87.4 0.709090909091 0.472727272727 2.03846153846 1.66666666667
K 1 81 -0.108796296296 0.0902184235518 24.2098765432 49.9012345679 -5.58024691358 52.4691358025 -64.4938271605 0.777777777778 0.592592592593 -2.14583333333 -1.63492063492
L 1 58 -0.15763546798 0.0271883289125 19.3103448276 41.3275862069 -13.224137931 30.2586206897 -121.603448276 0.620689655172 0.48275862069 2.28571428571 -4.16666666667
M 1 53 0.00269541778976 0.0653120464441 6.05660377358 38.8301886792 -0.641509433962 15.358490566 -7.69811320755 0.415094339623 0.245283018868 -1.0 0.772727272727
M 1 40 0.02 0.0653846153846 2.6 33.5 1.15 3.9 8.95 0.75 0.3 1.0 -0.0666666666667
M 1 52 -0.0745192307692 0.060650887574 6.09615384615 40.5 -0.576923076923 8.76923076923 -19.1923076923 0.75 0.403846153846 -0.952380952381 -1.30769230769
N 1 94 0.00780141843972 0.0924713584288 23.585106383 41.5106382979 1.41489361702 56.8617021277 6.15957446809 0.755319148936 0.36170212766 -2.0 0.323943661972
O 0 76 -0.0526315789474 0.0956477732794 23.6842105263 39.8815789474 -2.05263157895 59.0 -36.4736842105 0.657894736842 0.552631578947 -2.07142857143 -0.5
P 0 71 -0.135814889336 0.149512459372 21.0281690141 48.4788732394 -0.802816901408 69.8732394366 -77.5070422535 0.422535211268 0.535211267606 -4.28947368421 -0.8
Q 0 86 -0.0138081395349 0.0402504472272 23.7325581395 47.3255813953 -7.0 25.3023255814 20.7209302326 0.697674418605 0.558139534884 -0.291666666667 0.0833333333333
R 0 83 -0.0706827309237 0.0857275254866 21.0361445783 44.156626506 -5.0843373494 37.3975903614 -54.578313253 0.55421686747 0.530120481928 -2.04545454545 0.217391304348
S 1 79 0.0126582278481 0.087147030185 18.0126582278 44.3417721519 2.44303797468 35.0 16.6962025316 0.493670886076 0.810126582278 -2.1875 -0.666666666667
T 1 63 0.0252100840336 0.183760683761 15.5079365079 63.4444444444 2.03174603175 128.063492063 29.3968253968 0.619047619048 0.539682539683 -7.08823529412 -0.769230769231
U 1 82 0.00975609756098 0.113508442777 23.9268292683 44.8536585366 -0.0609756097561 94.5975609756 -2.13414634146 0.719512195122 0.365853658537 -0.3 0.71186440678
V 1 71 0.0149130074565 0.15872156013 20.1126760563 51.1126760563 0.492957746479 140.267605634 7.28169014085 0.887323943662 0.450704225352 -3.96875 -0.52380952381
W 1 97 -0.0303550973654 0.104282315623 27.8041237113 42.6701030928 -1.10309278351 114.360824742 -16.175257732 0.79381443299 0.350515463918 -2.0 -1.1038961039
X 1 74 0.0143084260731 0.0919958419958 22.5945945946 52.5 1.64864864865 43.8378378378 18.4864864865 0.891891891892 0.702702702703 -2.15384615385 -0.575757575758
Y 1 62 0.0142314990512 0.168734491315 17.9193548387 57.8064516129 0.322580645161 146.290322581 7.87096774194 0.903225806452 0.548387096774 -5.23529411765 -0.5
Z 1 78 -0.0456730769231 0.0887573964497 20.3717948718 54.7692307692 -3.73076923077 41.858974359 -50.1666666667 0.410256410256 0.794871794872 -2.06451612903 -1.0625
a 0 70 -0.00190476190476 -0.0203296703297 16.2857142857 23.6142857143 -1.17142857143 -18.4571428571 0.4 0.5 0.685714285714 0.8125 -0.428571428571
b 0 75 -0.0417777777778 0.0333333333333 19.6933333333 35.9333333333 -5.53333333333 20.44 -75.96 0.76 0.506666666667 -0.0789473684211 -1.84210526316
c 1 56 -0.0382653061224 -0.0192307692308 17.25 26.6428571429 0.357142857143 -9.57142857143 9.32142857143 0.482142857143 0.785714285714 0.681818181818 -1.33333333333
d 0 78 0.0846153846154 0.0384615384615 21.7820512821 38.3333333333 6.32051282051 28.4487179487 102.423076923 0.692307692308 0.487179487179 -0.105263157895 0.5
e 0 68 -0.0252100840336 -0.0260180995475 16.7647058824 21.9117647059 -1.98529411765 -10.9558823529 -3.04411764706 0.441176470588 0.705882352941 1.20833333333 -0.6
f 1 64 -0.0146484375 0.127403846154 14.015625 48.875 6.453125 68.546875 40.765625 0.640625 0.609375 -4.89743589744 -1.75609756098
g -1 83 -0.0301204819277 -0.08109360519 19.5180722892 40.1325301205 3.61445783133 -52.7469879518 -16.6024096386 0.566265060241 0.650602409639 1.83333333333 -1.65957446809
h 1 78 -0.0222222222222 0.0281065088757 21.358974359 36.6025641026 -6.78205128205 6.65384615385 -53.7051282051 0.871794871795 0.410256410256 -0.5 -1.44117647059
i 1 66 -0.0692640692641 0.02331002331 13.5151515152 45.3939393939 -2.66666666667 -25.0909090909 -36.8787878788 0.575757575758 0.621212121212 0.317073170732 -1.68421052632
j 1 67 0.108208955224 0.0154994259472 12.6417910448 54.8208955224 2.4328358209 -13.1194029851 50.9402985075 0.746268656716 0.477611940299 -2.53125 1.08
k 1 78 -0.0777777777778 0.043392504931 21.5769230769 41.0512820513 -5.94871794872 28.1025641026 -72.4102564103 0.705128205128 0.564102564103 -0.0909090909091 -1.01818181818
l 1 65 -0.0681318681319 0.0331360946746 13.9692307692 50.6461538462 -4.66153846154 -10.0461538462 -70.6 0.569230769231 0.523076923077 1.08823529412 -1.67567567568
m 1 93 -0.0483870967742 -0.0380479735318 24.0215053763 24.1505376344 -0.161290322581 -23.1075268817 -23.9247311828 0.623655913978 0.365591397849 0.852941176471 -0.120689655172
n 1 69 0.0125603864734 -0.0228539576366 21.115942029 25.7536231884 -1.59420289855 -23.884057971 5.21739130435 0.797101449275 0.434782608696 0.666666666667 -0.781818181818
o 0 62 0.010752688172 -0.0192307692308 19.3870967742 21.9838709677 -0.0806451612903 -9.6935483871 2.66129032258 0.612903225806 0.612903225806 0.815789473684 0.105263157895
p 0 76 -0.0456140350877 -0.00151821862348 19.6842105263 36.7763157895 5.5 -4.63157894737 -72.6315789474 0.736842105263 0.486842105263 -0.108108108108 -1.92857142857
q 0 78 0.0846153846154 0.0 21.9358974359 37.3333333333 -5.05128205128 -8.41025641026 91.0512820513 0.705128205128 0.461538461538 -0.388888888889 0.563636363636
r 1 48 -0.128205128205 0.112179487179 17.8333333333 34.875 3.4375 50.8958333333 -18.8958333333 0.416666666667 0.541666666667 -3.92307692308 -1.85
s 1 65 0.0130177514793 0.0597633136095 13.9846153846 26.6 2.58461538462 22.4 13.7230769231 0.415384615385 0.815384615385 -1.37735849057 -0.444444444444
t 1 63 0.0412698412698 0.117826617827 14.2698412698 43.4444444444 -2.36507936508 44.8095238095 13.126984127 0.587301587302 0.634920634921 -2.775 -1.24324324324
u 1 69 0.0386473429952 0.0613154960981 21.6811594203 27.9420289855 -0.405797101449 42.2898550725 21.0724637681 0.797101449275 0.434782608696 -0.333333333333 -0.618181818182
v 1 58 -0.042025862069 0.109416445623 18.6034482759 30.6034482759 -1.79310344828 91.3793103448 -16.7931034483 0.827586206897 0.51724137931 -2.63333333333 -1.33333333333
w 1 85 -0.0444444444444 0.0873303167421 25.5764705882 28.9058823529 -1.14117647059 81.7764705882 -21.8235294118 0.8 0.4 -1.82352941176 -1.55882352941
x 1 62 -0.0352822580645 0.0576923076923 21.435483871 34.7580645161 -1.12903225806 29.2903225806 -17.0 0.806451612903 0.806451612903 -1.48 -1.18
y 1 74 -0.0929054054054 -0.00467775467775 20.4594594595 48.5 8.81081081081 8.86486486486 -119.108108108 0.77027027027 0.540540540541 0.95 -1.49122807018
z 1 62 -0.0495391705069 0.0508684863524 17.1774193548 32.0967741935 -2.67741935484 21.6774193548 -27.9032258065 0.387096774194 0.838709677419 -1.34615384615 -0.833333333333
0 0 74 -0.0501930501931 0.134615384615 18.4864864865 44.6621621622 -2.45945945946 64.7027027027 -27.972972973 0.648648648649 0.459459459459 -2.91176470588 -0.291666666667
1 1 47 0.121276595745 0.151391162029 8.57446808511 50.5744680851 2.0 37.914893617 48.8510638298 0.872340425532 0.425531914894 -4.65 0.414634146341
2 1 71 0.0328638497653 0.109425785482 16.6901408451 51.8028169014 -0.154929577465 35.5070422535 1.11267605634 0.577464788732 0.788732394366 -2.35714285714 -0.658536585366
3 1 76 -0.00964912280702 0.129048582996 16.4605263158 49.8026315789 0.368421052632 46.5526315789 -19.6052631579 0.5 0.815789473684 -3.40322580645 0.131578947368
4 0 64 0.0477941176471 0.0751201923077 17.34375 33.078125 3.078125 18.671875 65.484375 0.734375 0.59375 -1.05263157895 0.106382978723
5 1 79 -0.00084388185654 0.102239532619 17.0759493671 46.1265822785 2.37974683544 37.2405063291 5.36708860759 0.481012658228 0.759493670886 -2.41666666667 -0.868421052632
6 0 75 -0.0352380952381 0.0989743589744 16.4666666667 40.6533333333 0.466666666667 35.5066666667 4.76 0.533333333333 0.693333333333 -2.82692307692 -0.725
7 1 61 0.00983606557377 0.177175283733 14.8032786885 62.1147540984 2.72131147541 107.803278689 -6.72131147541 0.606557377049 0.655737704918 -5.4 -0.027027027027
8 -1 75 -0.0542857142857 0.0902564102564 17.24 41.44 -2.4 34.9866666667 -33.5466666667 0.573333333333 0.666666666667 -2.24 -0.744186046512
9 0 76 -0.0610902255639 0.0966599190283 17.2763157895 40.1710526316 -1.28947368421 48.7368421053 -44.7631578947 0.539473684211 0.684210526316 -1.67307692308 -0.390243902439
& -1 85 -0.036678200692 0.0606334841629 20.6941176471 37.6941176471 -4.2 7.87058823529 -30.7411764706 0.635294117647 0.705882352941 -1.1 -1.11111111111
( 1 54 -0.0740740740741 0.019943019943 11.2222222222 58.8888888889 -0.592592592593 6.81481481481 53.037037037 0.851851851852 0.62962962963 -0.294117647059 -1.71739130435
$ -1 64 0.00833333333333 0.0721153846154 15.0625 43.90625 2.09375 28.4375 15.5 0.75 0.78125 -2.04 -0.9375
. 1 18 -0.0763888888889 -0.153846153846 5.72222222222 21.1111111111 2.44444444444 -22.8888888889 -12.4444444444 0.5 0.777777777778 4.14285714286 -0.888888888889
, 1 23 -0.0978260869565 -0.220735785953 5.73913043478 43.1304347826 6.47826086957 -35.6086956522 -56.5652173913 0.739130434783 0.608695652174 5.78571428571 -1.41176470588
! 1 44 0.038961038961 0.097027972028 4.90909090909 45.25 1.18181818182 11.5909090909 20.0454545455 0.863636363636 0.318181818182 -0.357142857143 -0.657894736842
? 1 59 -0.046004842615 0.153846153846 12.6779661017 53.4915254237 -1.30508474576 76.8983050847 -47.9491525424 0.627118644068 0.677966101695 -4.75 -1.08108108108
) 1 54 0.037037037037 0.034188034188 10.4074074074 57.4074074074 0.407407407407 7.11111111111 -73.7777777778 0.814814814815 0.592592592593 -0.375 0.181818181818
