A 0 67 -0.00614574187884 0.0625717566016 19.8358208955 31.2388059701 -0.268656716418 -28.1194029851 -3.28358208955 0.820895522388 0.567164179104 -0.763157894737 -0.763636363636
B -1 87 -0.0747126436782 0.11317418214 19.0 42.9655172414 -3.47126436782 55.0344827586 -55.2183908046 0.425287356322 0.574712643678 -2.76 0.432432432432
C 1 66 -0.0020202020202 0.114801864802 19.9696969697 50.7727272727 -0.151515151515 59.6666666667 65.7272727273 0.560606060606 0.727272727273 -2.79166666667 -1.37837837838
D 0 85 -0.0470588235294 0.117647058824 22.5176470588 43.8823529412 -2.0 67.7882352941 -49.7411764706 0.505882352941 0.470588235294 -2.45 0.837209302326
E 1 77 -0.0714285714286 0.120879120879 14.2337662338 48.0779220779 -2.53246753247 43.6753246753 -28.038961039 0.402597402597 0.649350649351 -2.86 -0.0322580645161
F 1 64 -0.125 0.168269230769 15.4375 50.75 -0.96875 57.78125 -45.34375 0.453125 0.5625 -5.36111111111 -1.0
G 1 87 0.0201149425287 0.111405835544 22.7586206897 43.0574712644 0.287356321839 63.1149425287 38.6781609195 0.563218390805 0.689655172414 -3.06666666667 -0.755102040816
H 1 86 0.0 0.116726296959 26.3255813953 40.6395348837 0.0 78.8837209302 0.0 0.662790697674 0.325581395349 -2.17857142857 0.982456140351
I 1 46 -0.0326086956522 0.115384615385 5.47826086957 51.1739130435 -0.782608695652 16.4347826087 -21.0434782609 0.782608695652 0.434782608696 -2.35 -0.888888888889
J 1 55 0.109090909091 -0.0167832167832 8.21818181818 56.9454545455 7.61818181818 -8.34545454545 24.5636363636 0.872727272727 0.363636363636 4.1 0.5625
K 1 75 -0.10380952381 0.114871794872 20.0933333333 46.96 -4.6 59.72 -41.8 0.72 0.506666666667 -2.76315789474 -0.87037037037
L 1 52 -0.205128205128 0.0465976331361 17.0 38.7115384615 -11.9807692308 36.0576923077 -116.480769231 0.480769230769 0.423076923077 2.45454545455 -2.0
M 1 115 -0.00549199084668 0.0869565217391 37.7739130435 34.8695652174 -0.260869565217 103.269565217 -1.11304347826 0.730434782609 0.330434782609 -1.52631578947 0.619047619048
N 1 95 -0.0361842105263 0.119433198381 28.3052631579 40.6 -0.852631578947 87.4421052632 -13.4631578947 0.705263157895 0.378947368421 -2.33333333333 0.149253731343
O 0 81 -0.0322359396433 0.11918328585 28.6543209877 42.1851851852 -2.41975308642 90.6419753086 -30.5432098765 0.654320987654 0.641975308642 -2.75 -0.603773584906
P 0 67 -0.0941446613088 0.17278989667 16.6567164179 49.0895522388 0.313432835821 67.6268656716 -41.2985074627 0.462686567164 0.477611940299 -5.09375 -0.41935483871
Q 0 89 0.00249687890137 0.0656871218669 28.202247191 46.3595505618 -5.89887640449 51.5393258427 23.5168539326 0.707865168539 0.651685393258 -1.29310344828 -0.031746031746
R 0 80 -0.0973214285714 0.116346153846 18.9875 44.3 -5.8375 49.0625 -64.7125 0.5875 0.5 -2.975 -0.425531914894
S 1 70 -0.0131868131868 0.108791208791 13.5714285714 46.6857142857 0.414285714286 34.0428571429 -6.47142857143 0.528571428571 0.8 -2.94642857143 -0.351351351351
T 1 57 0.00116959064327 0.206477732794 11.8070175439 66.4912280702 0.526315789474 105.754385965 5.36842105263 0.736842105263 0.526315789474 -7.2 -1.11904761905
U 1 80 -0.00078125 0.115384615385 25.4875 42.5 -0.125 103.6 -1.25 0.8875 0.375 -0.166666666667 -0.957746478873
V 1 68 -0.0358455882353 0.160633484163 18.1911764706 46.9411764706 -2.33823529412 128.985294118 -25.0441176471 0.867647058824 0.441176470588 -4.03333333333 -1.25423728814
W 1 116 0.00899550224888 0.147877984085 40.6551724138 44.5689655172 1.81896551724 218.405172414 20.8362068966 0.879310344828 0.379310344828 -3.20454545455 -0.333333333333
X 1 70 0.0114285714286 0.118681318681 19.1428571429 51.1428571429 -0.442857142857 48.1571428571 5.98571428571 0.885714285714 0.685714285714 -3.02083333333 -0.467741935484
Y 1 57 -0.00233918128655 0.186909581646 14.0350877193 57.0701754386 0.105263157895 116.631578947 4.31578947368 0.929824561404 0.491228070175 -5.85714285714 -0.735849056604
Z 1 70 -0.0581632653061 0.107142857143 14.7285714286 53.7857142857 -3.1 35.0142857143 -45.1857142857 0.557142857143 0.771428571429 -2.59259259259 -1.46153846154
a 0 65 -0.0217948717949 -0.00118343195266 12.7230769231 21.4461538462 -0.0461538461538 -6.93846153846 -5.43076923077 0.523076923077 0.630769230769 0.0243902439024 -0.352941176471
b 0 74 -0.0704633204633 0.0582120582121 18.0675675676 35.9189189189 -7.04054054054 40.1216216216 -93.3648648649 0.716216216216 0.486486486486 -1.11111111111 -1.96226415094
c 1 50 -0.0566666666667 -0.000769230769231 13.08 26.22 0.06 -0.18 9.26 0.58 0.72 0.222222222222 -1.31034482759
d 0 73 0.0176125244618 0.0626975763962 17.9178082192 36.6438356164 5.78082191781 26.8493150685 62.6301369863 0.671232876712 0.575342465753 -0.738095238095 0.265306122449
e 0 61 0.0226986128625 -0.00441361916772 13.5737704918 19.7540983607 -0.704918032787 -1.45901639344 13.131147541 0.475409836066 0.786885245902 0.520833333333 -0.0689655172414
f 1 51 -0.0901960784314 0.126696832579 7.72549019608 51.0196078431 2.3137254902 26.3921568627 -3.72549019608 0.78431372549 0.509803921569 -4.76923076923 -2.175
g -1 80 -0.00625 -0.0783653846154 15.2625 38.0625 1.875 -44.625 -3.15 0.65 0.65 2.19230769231 -1.15384615385
h 1 77 -0.0667903525046 0.0519480519481 19.5584415584 36.6753246753 -7.53246753247 24.8571428571 -88.9090909091 0.779220779221 0.415584415584 -1.53125 -1.5
i 1 46 -0.0398550724638 0.104515050167 3.89130434783 46.9347826087 -0.54347826087 8.15217391304 -16.6304347826 0.717391304348 0.413043478261 -3.36842105263 -0.757575757576
j 1 55 0.0818181818182 0.0216783216783 5.09090909091 57.2909090909 2.14545454545 -6.94545454545 18.4727272727 0.854545454545 0.327272727273 -2.55555555556 -0.170212765957
k 1 70 -0.0714285714286 0.0587912087912 14.0714285714 40.5 -5.5 22.5571428571 -63.6714285714 0.842857142857 0.542857142857 -0.657894736842 -1.57627118644
l 1 44 -0.0378787878788 0.0961538461538 4.22727272727 46.5 -0.568181818182 10.5681818182 -18.2954545455 0.818181818182 0.272727272727 -1.16666666667 -0.777777777778
m 1 100 0.0104761904762 0.0 40.12 23.16 0.23 -14.99 0.13 0.78 0.46 -0.717391304348 -0.0897435897436
n 1 66 -0.0227272727273 -0.00815850815851 18.5 23.1818181818 -0.5 -16.2575757576 -13.1363636364 0.80303030303 0.424242424242 0.142857142857 -0.88679245283
o 0 59 -0.0423728813559 -0.00391134289439 17.9830508475 21.0169491525 -0.491525423729 -2.38983050847 -13.6779661017 0.694915254237 0.610169491525 0.361111111111 -0.560975609756
p 0 75 -0.072380952381 -0.0220512820513 18.1066666667 34.1466666667 6.14666666667 -20.68 -79.8266666667 0.733333333333 0.48 0.194444444444 -1.83636363636
q 0 74 0.0173745173745 -0.0254677754678 17.7027027027 34.0405405405 -5.67567567568 -11.4324324324 51.4324324324 0.675675675676 0.513513513514 0.210526315789 0.3
r 1 41 -0.0909090909091 0.0741088180113 9.48780487805 28.3658536585 4.24390243902 18.0975609756 -6.48780487805 0.707317073171 0.487804878049 -2.6 -2.10344827586
s 1 57 0.0 0.0350877192982 10.6315789474 25.5789473684 1.14035087719 7.94736842105 0.0877192982456 0.614035087719 0.80701754386 -0.739130434783 -1.14285714286
t 1 43 -0.0103359173127 0.0760286225403 6.60465116279 33.7441860465 -1.93023255814 14.488372093 -0.255813953488 0.767441860465 0.511627906977 -1.54545454545 -1.15151515152
u 1 66 -0.0151515151515 0.0454545454545 20.1515151515 24.8181818182 -1.69696969697 32.5757575758 -5.54545454545 0.69696969697 0.484848484848 0.40625 -0.282608695652
v 1 54 -0.0555555555556 0.0819088319088 15.5925925926 24.5740740741 -2.25925925926 63.4814814815 -23.6296296296 0.87037037037 0.481481481481 -1.57692307692 -1.21276595745
w 1 92 -0.0244565217391 0.061872909699 29.902173913 22.0869565217 -0.75 78.2065217391 -10.7717391304 0.771739130435 0.413043478261 -1.02631578947 -1.21126760563
x 1 56 -0.0331632653061 0.0343406593407 15.8214285714 29.25 -0.392857142857 13.3928571429 -13.4642857143 0.857142857143 0.714285714286 -0.55 -1.39583333333
y 1 65 -0.0769230769231 -0.0136094674556 15.4153846154 39.4923076923 6.01538461538 9.30769230769 -80.0769230769 0.830769230769 0.523076923077 1.29411764706 -1.46296296296
z 1 53 0.00343053173242 0.0319303338171 10.2641509434 29.7735849057 -0.88679245283 6.32075471698 2.92452830189 0.547169811321 0.754716981132 -0.85 -0.724137931034
& -1 84 -0.0168067226891 0.0700549450549 21.7619047619 36.3214285714 -4.95238095238 10.0952380952 -28.4285714286 0.678571428571 0.738095238095 -1.61290322581 -0.701754385965
1 1 46 0.135265700483 0.139632107023 8.17391304348 45.4130434783 0.95652173913 32.7391304348 37.4782608696 0.804347826087 0.347826086957 -4.75 0.783783783784
2 1 68 -0.0367647058824 0.085407239819 14.3970588235 47.7205882353 -2.86764705882 26.6911764706 -45.5735294118 0.602941176471 0.823529411765 -1.94642857143 -0.780487804878
3 1 73 -0.00195694716243 0.109062170706 14.3287671233 45.6849315068 0.986301369863 32.7397260274 -16.2739726027 0.575342465753 0.794520547945 -2.8275862069 -0.142857142857
4 0 64 0.0520833333333 0.0961538461538 15.34375 31.8125 3.265625 26.765625 61.328125 0.6875 0.5625 -1.77777777778 0.409090909091
5 1 73 -0.00105374077977 0.115911485774 13.602739726 47.3424657534 0.260273972603 32.1780821918 -11.4383561644 0.575342465753 0.739726027397 -2.92592592593 -0.404761904762
6 0 74 -0.0434362934363 0.127858627859 15.8783783784 44.0810810811 -0.945945945946 45.4324324324 -4.21621621622 0.581081081081 0.702702702703 -3.46153846154 -0.883720930233
7 1 59 0.0135593220339 0.200130378096 13.1186440678 65.5084745763 2.81355932203 103.389830508 -4.81355932203 0.677966101695 0.677966101695 -6.05 -0.5
8 -1 74 -0.0598455598456 0.108627858628 15.8648648649 41.6351351351 -2.89189189189 41.2702702703 -37.2972972973 0.689189189189 0.702702702703 -2.59615384615 -1.19607843137
9 0 74 0.00935550935551 0.119022869023 14.472972973 42.4459459459 1.0 52.6486486486 -4.67567567568 0.635135135135 0.648648648649 -2.29166666667 0.170212765957
0 0 74 -0.0579150579151 0.115384615385 18.1621621622 40.7837837838 -2.43243243243 54.4864864865 -36.2972972973 0.716216216216 0.486486486486 -2.47222222222 -0.603773584906
( 1 50 -0.1175 0.04 6.26 52.16 -1.04 7.12 -2.64 0.68 0.4 -0.4 -1.08823529412
$ -1 66 -0.011655011655 0.0955710955711 13.3333333333 40.1515151515 1.12121212121 30.9090909091 2.15151515152 0.651515151515 0.727272727273 -2.70833333333 -0.581395348837
. 1 15 -0.0380952380952 -0.146153846154 4.0 18.7333333333 1.4 -15.4 -7.93333333333 0.6 0.8 4.0 -0.555555555556
! 1 42 -0.0515873015873 0.115384615385 3.92857142857 45.6666666667 -0.642857142857 13.0238095238 -17.9761904762 0.785714285714 0.428571428571 -1.0 -0.848484848485
? 1 51 -0.0457516339869 0.15987933635 9.25490196078 54.2745098039 -0.352941176471 54.1568627451 -38.3921568627 0.764705882353 0.745098039216 -4.44736842105 -1.10256410256
) 1 49 -0.0714285714286 0.0486656200942 6.04081632653 51.1836734694 -1.30612244898 9.71428571429 -80.9387755102 0.795918367347 0.408163265306 -0.5 -0.871794871795
