A 0 76 -0.0270467836257 0.037037037037 21.5657894737 33.8421052632 -0.526315789474 -44.1052631579 -16.8684210526 0.776315789474 0.526315789474 -0.025 -1.32203389831
B -1 96 -0.0416666666667 0.0895061728395 22.6458333333 44.5833333333 -2.03125 54.3854166667 -38.96875 0.5625 0.666666666667 -2.28125 -1.33333333333
C 1 82 -0.060298102981 0.0776874435411 28.4024390244 45.0243902439 -2.37804878049 57.7682926829 -28.7682926829 0.585365853659 0.707317073171 -1.94827586207 -1.27083333333
D 0 92 -0.0191815856777 0.0925925925926 26.7608695652 45.4130434783 -0.815217391304 66.902173913 -36.9456521739 0.652173913043 0.565217391304 -2.11538461538 -0.8
E 1 96 -0.0481770833333 0.0922067901235 21.3541666667 50.0729166667 -1.94791666667 53.34375 -12.3229166667 0.479166666667 0.770833333333 -2.33783783784 -2.45652173913
F 1 74 -0.0774774774775 0.156156156156 19.1621621622 53.8918918919 4.08108108108 71.1351351351 -16.2432432432 0.567567567568 0.675675675676 -5.16 -2.61904761905
G 1 102 0.0015479876161 0.0682643427741 29.3039215686 39.9607843137 -1.50980392157 46.7450980392 2.45098039216 0.558823529412 0.725490196078 -1.78378378378 -0.614035087719
H 1 94 0.0112640801001 0.0925925925926 32.7446808511 41.8617021277 0.478723404255 81.8617021277 -4.03191489362 0.744680851064 0.446808510638 -1.88095238095 0.114285714286
I 1 42 0.0 0.0925925925926 3.52380952381 43.1666666667 0.0 8.80952380952 0.0 0.571428571429 0.190476190476 -0.375 0.5
J 1 59 0.135593220339 0.0263653483992 17.1525423729 37.186440678 10.7288135593 29.2372881356 104.016949153 0.796610169492 0.406779661017 2.66666666667 1.59574468085
K 1 84 -0.0644257703081 0.0912698412698 26.5952380952 48.2261904762 -3.61904761905 61.3095238095 -26.3333333333 0.833333333333 0.619047619048 -2.57692307692 -1.38571428571
L 1 60 -0.14 0.0148148148148 20.3666666667 42.8 -13.8333333333 22.3333333333 -112.3 0.633333333333 0.533333333333 2.6875 -3.5
M 1 122 -0.0180327868852 0.0588949605343 39.3770491803 36.0983606557 0.196721311475 75.0819672131 -9.75409836066 0.860655737705 0.327868852459 -0.325 -0.914285714286
N 1 98 0.0168067226891 0.0850340136054 31.0612244898 38.8673469388 2.55102040816 66.3469387755 18.7959183673 0.84693877551 0.367346938776 -1.0 -0.0602409638554
O 0 90 -0.000584795321637 0.080658436214 33.7888888889 44.4888888889 -0.0777777777778 70.3222222222 -0.588888888889 0.633333333333 0.622222222222 -1.83928571429 0.175438596491
P 0 78 -0.103365384615 0.148148148148 24.5512820513 49.1538461538 1.21794871795 77.2179487179 -66.2435897436 0.589743589744 0.615384615385 -4.45833333333 -2.60869565217
Q 0 95 0.017728531856 0.0647173489279 34.7368421053 44.4421052632 -2.61052631579 45.7052631579 18.6315789474 0.621052631579 0.631578947368 -1.33333333333 0.338983050847
R 0 96 -0.00980392156863 0.103395061728 27.9583333333 46.7916666667 -1.83333333333 45.2916666667 -12.0 0.645833333333 0.583333333333 -3.85714285714 -0.516129032258
S 1 90 -0.0256944444444 0.0798353909465 21.3222222222 42.2444444444 -1.1 39.9222222222 -20.4333333333 0.544444444444 0.822222222222 -2.21621621622 -0.734693877551
T 1 63 -0.00093370681606 0.194591416814 14.873015873 68.6825396825 -0.365079365079 136.936507937 -2.1746031746 0.730158730159 0.539682539683 -7.32352941176 -0.782608695652
U 1 88 0.0180481283422 0.084595959596 30.5795454545 45.1931818182 -0.306818181818 112.420454545 2.44318181818 0.818181818182 0.386363636364 0.5 -0.236111111111
V 1 74 -0.0345345345345 0.146146146146 21.5135135135 49.4054054054 -2.43243243243 153.594594595 -28.7837837838 0.878378378378 0.459459459459 -3.97058823529 -1.43076923077
W 1 124 -0.00838709677419 0.127837514934 45.6612903226 44.7741935484 -0.0645161290323 227.919354839 -6.82258064516 0.887096774194 0.387096774194 -2.97916666667 -0.790909090909
X 1 78 -0.02849002849 0.101614434948 24.358974359 54.7435897436 -1.47435897436 54.3974358974 -28.1923076923 0.871794871795 0.692307692308 -1.90740740741 -1.45588235294
Y 1 61 -0.0127504553734 0.169398907104 19.7049180328 57.9508196721 -1.98360655738 170.737704918 -22.9344262295 0.918032786885 0.590163934426 -5.44444444444 -0.910714285714
Z 1 81 0.00363108206245 0.0809327846365 19.3950617284 57.7901234568 0.543209876543 27.4814814815 6.74074074074 0.543209876543 0.864197530864 -2.21428571429 -0.977272727273
a 0 71 -0.0093896713615 -0.0229525299948 16.338028169 23.7464788732 -1.87323943662 -22.4366197183 5.9014084507 0.577464788732 0.760563380282 0.814814814815 -0.707317073171
b 0 75 -0.101904761905 0.0424691358025 21.5066666667 35.4933333333 -6.78666666667 38.12 -99.88 0.533333333333 0.48 0.222222222222 -0.35
c 1 60 -0.0178571428571 -0.00925925925926 16.6833333333 22.1166666667 0.516666666667 -3.75 -4.35 0.666666666667 0.733333333333 0.386363636364 -1.175
d 0 76 0.0605263157895 0.0526315789474 20.1447368421 37.0526315789 7.76315789474 37.2105263158 91.5 0.697368421053 0.578947368421 -0.568181818182 0.603773584906
e 0 67 0.0089552238806 -0.0116086235489 15.5970149254 21.0298507463 -0.223880597015 -6.67164179104 0.641791044776 0.567164179104 0.761194029851 0.450980392157 -1.23684210526
f 1 45 -0.1 0.0979423868313 5.68888888889 47.2666666667 1.0 16.0222222222 -13.0 0.822222222222 0.4 -3.27777777778 -1.48648648649
g 0 86 -0.00664451827243 -0.0968992248062 17.2093023256 43.7093023256 2.37209302326 -37.1627906977 -8.06976744186 0.639534883721 0.581395348837 3.66 -0.745454545455
h 1 74 -0.0467775467775 0.0535535535536 18.6081081081 34.1486486486 -6.16216216216 22.5405405405 -64.4324324324 0.648648648649 0.324324324324 -1.45833333333 0.104166666667
i 1 43 -0.0093023255814 0.0964685615848 3.06976744186 43.5813953488 -0.395348837209 5.6976744186 -3.0 0.558139534884 0.325581395349 -3.92857142857 0.375
j 1 57 0.0723684210526 0.00194931773879 4.71929824561 61.9824561404 2.73684210526 -4.63157894737 9.26315789474 0.859649122807 0.40350877193 0.478260869565 -0.387755102041
k 1 71 -0.080173347779 0.0532081377152 16.8450704225 37.014084507 -6.83098591549 21.9014084507 -61.6478873239 0.661971830986 0.422535211268 -0.1 -0.468085106383
l 1 42 0.0 0.0925925925926 3.52380952381 43.1666666667 0.0 8.80952380952 0.0 0.571428571429 0.190476190476 -0.375 0.5
m 1 98 -0.0372448979592 0.0 38.806122449 22.3265306122 -1.4693877551 -11.8775510204 -18.7551020408 0.683673469388 0.448979591837 -0.5 0.0
n 1 65 -0.00828402366864 0.0045584045584 18.1692307692 22.0923076923 -0.707692307692 -5.69230769231 -4.70769230769 0.630769230769 0.369230769231 -0.791666666667 0.707317073171
o 0 62 -0.00215053763441 -0.0113500597372 18.2258064516 22.3064516129 -0.0161290322581 -6.11290322581 -0.241935483871 0.693548387097 0.645161290323 0.525 -0.418604651163
p 0 75 -0.101904761905 -0.0548148148148 21.5066666667 35.2933333333 6.76 -40.68 -99.48 0.533333333333 0.48 1.33333333333 -0.325
q 0 77 0.0614718614719 -0.0644540644541 19.9090909091 36.4935064935 -6.71428571429 -42.974025974 90.3506493506 0.701298701299 0.571428571429 1.70454545455 0.444444444444
r 1 37 -0.132132132132 0.031031031031 8.0 24.1351351351 3.0 8.78378378378 -19.0 0.513513513514 0.432432432432 -1.9375 -0.578947368421
s 1 67 -0.0415778251599 -0.00995024875622 13.5074626866 21.7611940299 0.850746268657 -5.80597014925 -14.552238806 0.55223880597 0.776119402985 0.653846153846 -1.83783783784
t 1 41 -0.0914634146341 0.0289069557362 5.41463414634 34.2926829268 -3.0487804878 6.0243902439 -20.1707317073 0.80487804878 0.390243902439 0.375 -1.60606060606
u 1 66 0.004662004662 -0.00953984287318 18.1212121212 23.1363636364 -0.424242424242 4.30303030303 2.63636363636 0.666666666667 0.363636363636 2.79166666667 0.5
v 1 52 -0.0398351648352 0.039886039886 14.6346153846 20.5384615385 -0.461538461538 43.8076923077 -10.6153846154 0.846153846154 0.5 -0.807692307692 -1.18181818182
w 1 86 -0.0366279069767 0.0288544358312 28.8488372093 20.8023255814 0.5 56.6627906977 -12.9186046512 0.825581395349 0.441860465116 -0.421052631579 -1.40845070423
x 1 55 0.0237762237762 -0.0020202020202 15.1818181818 28.8181818182 0.0 -2.61818181818 10.8363636364 0.854545454545 0.727272727273 0.05 -0.36170212766
y 1 62 -0.0806451612903 -0.0274790919952 14.3225806452 38.1612903226 6.04838709677 8.01612903226 -76.564516129 0.903225806452 0.516129032258 1.4375 -1.91071428571
z 1 60 -0.0392857142857 -0.00679012345679 14.05 29.7833333333 -1.4 -8.86666666667 -18.0 0.5 0.833333333333 0.48 -1.63333333333
& -1 82 -0.0525914634146 0.0456187895212 18.4756097561 39.1829268293 -2.20731707317 -4.91463414634 -33.4268292683 0.719512195122 0.658536585366 -0.740740740741 -1.35593220339
1 1 46 0.154589371981 0.106280193237 8.17391304348 43.4782608696 1.32608695652 26.7608695652 53.3695652174 0.826086956522 0.347826086957 -3.875 0.868421052632
2 1 79 0.0160337552743 0.0656352555087 16.7974683544 44.2784810127 0.278481012658 26.9113924051 12.3797468354 0.645569620253 0.810126582278 -1.203125 -0.823529411765
3 1 80 0.0125 0.0791666666667 16.2875 43.2375 0.1375 27.7375 0.7125 0.675 0.7 -1.57142857143 -0.5
4 0 64 0.0395833333333 0.0538194444444 13.8125 29.390625 1.875 7.5625 51.5625 0.71875 0.5625 -1.11111111111 0.173913043478
5 1 83 -0.0722891566265 0.0892458723784 17.1325301205 46.9156626506 -2.63855421687 33.3855421687 -39.4578313253 0.55421686747 0.722891566265 -2.16666666667 -1.32608695652
6 0 81 -0.0537918871252 0.0777320530407 16.7777777778 39.9012345679 -1.96296296296 30.1358024691 -25.024691358 0.592592592593 0.641975308642 -2.25 -0.75
7 1 60 -0.00111111111111 0.182098765432 13.1166666667 64.7166666667 3.35 99.9833333333 -4.25 0.7 0.666666666667 -6.1 -0.809523809524
8 -1 81 0.00740740740741 0.0781893004115 16.6790123457 42.4074074074 -0.0246913580247 28.4197530864 1.97530864198 0.728395061728 0.666666666667 -1.38888888889 -0.915254237288
9 0 83 0.00401606425703 0.0807675145025 16.9036144578 40.6144578313 0.722891566265 41.5180722892 -2.33734939759 0.698795180723 0.66265060241 -1.45454545455 -0.603448275862
0 0 78 -0.0521978021978 0.0821462488129 18.2435897436 39.8076923077 -0.961538461538 39.5 -28.1666666667 0.692307692308 0.461538461538 -1.58333333333 -0.462962962963
( 1 54 -0.037037037037 0.000685871056241 5.55555555556 60.2037037037 0.0185185185185 0.0185185185185 46.2407407407 0.833333333333 0.37037037037 0.8 -0.8
$ 0 87 0.0107279693487 0.0536398467433 16.1609195402 39.6551724138 0.35632183908 21.367816092 10.2413793103 0.770114942529 0.701149425287 -1.81967213115 -0.55223880597
. 1 14 -0.0833333333333 -0.190476190476 3.64285714286 29.7142857143 2.57142857143 -18.2857142857 -14.8571428571 0.5 0.714285714286 5.4 -0.714285714286
! 1 44 -0.0643939393939 0.0925925925926 4.11363636364 46.5 -0.886363636364 14.4318181818 -21.2045454545 0.704545454545 0.454545454545 -0.45 -0.677419354839
? 1 58 -0.0233990147783 0.139846743295 11.8793103448 51.0862068966 -0.5 72.1206896552 -12.6724137931 0.758620689655 0.758620689655 -3.84090909091 -0.818181818182
) 1 54 -0.087962962963 0.0 5.96296296296 59.7407407407 0.0 0.0 -105.518518519 0.814814814815 0.37037037037 0.85 -1.09090909091
