A 0 66 -0.0388257575758 0.0909090909091 16.2272727273 29.1515151515 -3.89393939394 2.34848484848 -37.4393939394 0.727272727273 0.69696969697 -1.69565217391 -1.5625
B -1 75 -0.0293333333333 0.128484848485 16.84 33.6533333333 -2.32 44.5333333333 -33.7866666667 0.586666666667 0.773333333333 -2.63793103448 -1.11363636364
C 1 62 -0.0247311827957 0.145894428152 18.5967741935 35.7903225806 -1.06451612903 64.8709677419 5.83870967742 0.532258064516 0.774193548387 -3.10416666667 -1.0303030303
D 0 70 -0.0551020408163 0.136363636364 18.0857142857 34.2857142857 -2.28571428571 54.7428571429 -41.1142857143 0.628571428571 0.571428571429 -2.625 -1.22727272727
E 1 77 -0.0294372294372 0.135773317591 16.4415584416 36.9350649351 -1.90909090909 46.7402597403 -18.6883116883 0.519480519481 0.805194805195 -2.77419354839 -1.275
F 1 65 -0.0851282051282 0.183216783217 16.0153846154 42.7692307692 0.0615384615385 68.9538461538 -22.8923076923 0.523076923077 0.8 -4.13461538462 -2.23529411765
G 1 73 -0.00365296803653 0.137608966376 17.8356164384 31.9315068493 0.260273972603 55.7945205479 7.7397260274 0.506849315068 0.753424657534 -3.18181818182 -0.918918918919
H 1 73 -0.0176125244618 0.131382316314 17.1506849315 35.1095890411 -1.30136986301 46.5890410959 -10.7260273973 0.808219178082 0.547945205479 -2.25 -1.30508474576
I 1 56 -0.0208333333333 0.136363636364 9.89285714286 41.8571428571 -0.75 29.6785714286 -6.60714285714 0.535714285714 0.714285714286 -2.8 -1.33333333333
J 1 58 0.0241379310345 0.141065830721 15.6379310345 35.2413793103 8.18965517241 53.6379310345 68.5 0.620689655172 0.655172413793 -3.18421052632 0.0555555555556
K 1 74 -0.036036036036 0.135135135135 18.8648648649 38.1891891892 -2.94594594595 47.2702702703 -24.1891891892 0.702702702703 0.702702702703 -2.86538461538 -0.980769230769
L 1 62 -0.0387096774194 0.0865102639296 16.2258064516 31.5161290323 -7.01612903226 19.8225806452 -62.6290322581 0.612903225806 0.645161290323 -1.575 -1.39473684211
M 1 85 -0.0117647058824 0.117112299465 24.4352941176 29.8941176471 -0.411764705882 65.8 -1.14117647059 0.788235294118 0.541176470588 -1.71739130435 -1.0
N 1 78 -0.0224358974359 0.145687645688 20.1538461538 34.4871794872 0.397435897436 66.0897435897 -11.7307692308 0.846153846154 0.512820512821 -3.075 -1.15151515152
O 0 64 -0.025390625 0.136363636364 19.90625 31.6875 -1.21875 59.71875 -14.34375 0.734375 0.6875 -2.77272727273 -1.3829787234
P 0 64 -0.0915178571429 0.15625 15.6875 36.875 -1.484375 58.515625 -44.015625 0.578125 0.734375 -3.21276595745 -2.35135135135
Q 0 71 -0.000880281690141 0.0921895006402 19.676056338 33.0704225352 -2.69014084507 43.8732394366 -4.43661971831 0.774647887324 0.676056338028 -1.70833333333 -1.09090909091
R 0 72 -0.0980902777778 0.128156565657 20.7916666667 34.4027777778 -5.98611111111 42.5138888889 -68.5416666667 0.680555555556 0.75 -2.85185185185 -1.89795918367
S 1 68 -0.0147058823529 0.132352941176 13.6176470588 30.7647058824 1.10294117647 34.5147058824 2.66176470588 0.558823529412 0.852941176471 -2.81034482759 -1.10526315789
T 1 60 -0.00888888888889 0.187121212121 14.0666666667 46.85 -0.0166666666667 84.75 -1.35 0.55 0.7 -3.97619047619 -0.969696969697
U 1 69 -0.0173913043478 0.171277997365 18.4347826087 38.9565217391 -1.49275362319 87.8115942029 -14.1014492754 0.768115942029 0.492753623188 -3.05882352941 -1.0
V 1 60 -0.0147058823529 0.211363636364 17.2166666667 43.4833333333 -0.65 116.983333333 -6.31666666667 0.833333333333 0.6 -5.0 -1.02
X 1 66 -0.0272727272727 0.132920110193 16.8333333333 38.2272727273 -0.545454545455 45.2727272727 -10.6363636364 0.712121212121 0.69696969697 -2.78260869565 -0.765957446809
Y 1 56 -0.022619047619 0.17288961039 12.8392857143 44.2321428571 -1.39285714286 75.4642857143 -11.25 0.714285714286 0.714285714286 -3.35 -1.1
Z 1 66 -0.011655011655 0.126033057851 13.696969697 36.2878787879 -2.25757575758 33.7121212121 -19.2575757576 0.590909090909 0.787878787879 -2.71153846154 -0.333333333333
a 0 61 -0.0269320843091 0.00819672131148 13.6229508197 16.2131147541 -1.11475409836 -10.0983606557 -2.98360655738 0.540983606557 0.704918032787 0.093023255814 -0.909090909091
b 0 69 -0.0643115942029 0.066534914361 20.652173913 26.0144927536 -5.3768115942 37.5507246377 -73.115942029 0.666666666667 0.666666666667 -0.847826086957 -2.17391304348
c 1 54 -0.00529100529101 0.0227272727273 15.9259259259 16.7962962963 0.962962962963 8.33333333333 7.66666666667 0.518518518519 0.814814814815 -0.363636363636 -1.07142857143
d 0 68 0.0450980392157 0.0735294117647 19.1470588235 27.7941176471 3.51470588235 20.8382352941 55.0735294118 0.617647058824 0.632352941176 -0.906976744186 0.619047619048
e 0 63 -0.0204081632653 0.017316017316 13.9047619048 14.380952381 -0.761904761905 4.22222222222 -4.06349206349 0.412698412698 0.825396825397 -0.173076923077 -1.65384615385
f 1 61 0.0365699873897 0.114008941878 10.6393442623 37.5573770492 7.32786885246 31.7213114754 58.1475409836 0.606557377049 0.737704918033 -2.08888888889 -1.10810810811
g 0 73 -0.00821917808219 -0.0585305105853 15.1369863014 28.4931506849 1.1095890411 -1.46575342466 3.46575342466 0.547945205479 0.657534246575 1.14583333333 -0.325
h 1 67 -0.0703624733475 0.061736770692 18.0 27.7164179104 -7.67164179104 30.6865671642 -69.9701492537 0.746268656716 0.477611940299 -0.71875 -1.74
i 1 52 -0.0473372781065 0.034965034965 9.80769230769 30.0769230769 -1.26923076923 -14.0769230769 -19.1538461538 0.596153846154 0.692307692308 -0.111111111111 -1.32258064516
j 1 60 0.0984848484848 -0.00681818181818 10.55 40.45 1.65 -3.65 19.3833333333 0.666666666667 0.616666666667 1.10810810811 0.95
k 1 67 -0.0597014925373 0.0773405698779 14.8955223881 29.2537313433 -5.77611940299 22.1940298507 -51.9850746269 0.716417910448 0.567164179104 -0.868421052632 -2.3125
l 1 54 -0.0512820512821 0.0589225589226 10.0 35.5185185185 -3.25925925926 -3.48148148148 -45.1851851852 0.574074074074 0.592592592593 0.125 -1.32258064516
m 1 78 -0.0203619909502 0.00174825174825 21.9615384615 16.0897435897 -1.15384615385 -0.0512820512821 -9.4358974359 0.717948717949 0.512820512821 -0.05 -0.875
n 1 58 -0.0357142857143 0.0133228840125 17.0172413793 17.5344827586 -2.01724137931 -2.29310344828 -13.2931034483 0.758620689655 0.551724137931 -0.1875 -1.29545454545
o 0 54 -0.0185185185185 0.0227272727273 16.462962963 15.3888888889 -0.111111111111 8.37037037037 -6.74074074074 0.592592592593 0.740740740741 -0.35 -0.71875
p 0 73 -0.0633561643836 -0.0423412204234 19.5342465753 27.7260273973 4.6301369863 -16.7123287671 -66.4657534247 0.630136986301 0.712328767123 1.25 -2.04347826087
q 0 71 0.0582159624413 -0.0435339308579 19.8873239437 27.8028169014 -4.69014084507 -15.5070422535 65.6197183099 0.591549295775 0.718309859155 1.17647058824 0.666666666667
r 1 49 -0.0266875981162 0.0213358070501 12.5918367347 21.4897959184 2.08163265306 10.2857142857 -5.91836734694 0.510204081633 0.816326530612 -0.525 -1.76
s 1 61 -0.0126103404792 0.0238450074516 11.8360655738 14.9836065574 1.16393442623 2.90163934426 -5.19672131148 0.44262295082 0.803278688525 -0.244897959184 -0.814814814815
t 1 50 -0.0657142857143 0.05 12.44 22.7 -5.32 18.52 -28.76 0.62 0.76 -0.789473684211 -2.70967741935
u 1 60 -0.0142857142857 0.0325757575758 16.7 18.5833333333 -2.73333333333 18.1 -3.9 0.716666666667 0.5 0.3 -0.93023255814
v 1 49 -0.0204081632653 0.0899814471243 14.306122449 19.1632653061 -0.775510204082 51.8775510204 -8.0 0.795918367347 0.65306122449 -2.0625 -0.846153846154
w 1 62 -0.0110887096774 0.0527859237537 17.3064516129 15.6774193548 -0.725806451613 37.2741935484 -4.5 0.774193548387 0.548387096774 -1.38235294118 -1.08333333333
x 1 58 -0.0126436781609 0.0227272727273 15.8103448276 19.1896551724 -0.310344827586 0.379310344828 -3.96551724138 0.689655172414 0.724137931034 0.047619047619 -1.05
y 1 61 -0.0546448087432 -0.026825633383 14.2295081967 31.1475409836 5.4262295082 6.96721311475 -49.6229508197 0.737704918033 0.655737704918 0.925 -1.33333333333
z 1 54 -0.0185185185185 0.0151515151515 13.5 20.1481481481 -1.7962962963 1.7962962963 -6.57407407407 0.537037037037 0.888888888889 -0.25 -0.689655172414
& 1 55 -0.0575757575758 0.0454545454545 10.6909090909 20.4545454545 -0.890909090909 1.14545454545 -9.25454545455 0.618181818182 0.727272727273 -0.725 -1.52941176471
1 1 47 -0.0531914893617 0.0396518375242 8.85106382979 29.5106382979 -2.85106382979 -3.74468085106 -24.3404255319 0.702127659574 0.68085106383 -0.03125 -1.63636363636
2 1 63 0.042735042735 0.0779220779221 12.8095238095 34.5714285714 0.698412698413 15.1746031746 11.0158730159 0.603174603175 0.793650793651 -1.4 -0.315789473684
3 1 61 0.0063051702396 0.111028315946 12.2131147541 35.393442623 0.950819672131 21.1147540984 -12.4918032787 0.573770491803 0.754098360656 -2.15217391304 -0.0857142857143
4 0 53 0.0267295597484 0.0866209262436 9.83018867925 26.1698113208 0.88679245283 16.6226415094 29.1132075472 0.792452830189 0.603773584906 -0.96875 -0.428571428571
5 1 65 -0.00236686390533 0.126573426573 12.0 36.2307692308 -0.230769230769 25.4 -10.0461538462 0.553846153846 0.738461538462 -2.41666666667 -0.694444444444
6 0 63 -0.0343915343915 0.114718614719 11.7142857143 30.619047619 0.412698412698 25.8095238095 6.22222222222 0.539682539683 0.730158730159 -2.78260869565 -0.705882352941
7 1 48 0.0104166666667 0.198863636364 9.66666666667 45.625 -1.5 62.4583333333 -18.5416666667 0.645833333333 0.583333333333 -5.21428571429 -0.0645161290323
8 -1 66 -0.0128205128205 0.112258953168 12.3787878788 30.5909090909 -0.393939393939 29.2121212121 -3.60606060606 0.606060606061 0.69696969697 -2.26086956522 -0.575
9 0 63 -0.0674603174603 0.120490620491 12.8412698413 31.9841269841 -1.01587301587 33.4603174603 -33.0793650794 0.507936507937 0.698412698413 -1.97727272727 -0.40625
0 0 62 -0.0198511166253 0.113636363636 13.935483871 29.3387096774 -0.645161290323 34.8387096774 -10.3870967742 0.709677419355 0.516129032258 -2.03125 -0.272727272727
( 1 40 -0.046875 0.0454545454545 5.125 33.55 -0.425 5.075 16.075 0.825 0.5 -0.55 -1.27272727273
$ 1 65 -0.00828402366864 0.0972027972028 11.3384615385 28.4769230769 1.43076923077 21.3692307692 1.76923076923 0.630769230769 0.8 -2.13461538462 -0.90243902439
. 1 14 -0.0612244897959 -0.136363636364 4.0 13.0 1.28571428571 -12.0 -5.85714285714 0.642857142857 0.857142857143 3.08333333333 -0.666666666667
! 1 37 -0.0225225225225 0.0884520884521 3.32432432432 30.0 -0.0540540540541 6.91891891892 -2.43243243243 0.783783783784 0.486486486486 -0.833333333333 -0.931034482759
? 1 49 0.00313971742543 0.13172541744 9.18367346939 32.2448979592 -0.979591836735 41.8775510204 -11.0204081633 0.632653061224 0.836734693878 -3.12195121951 -0.483870967742
) 1 40 0.0107142857143 0.0454545454545 4.425 33.55 0.225 3.675 -20.975 0.775 0.4 -0.3125 -0.354838709677
