A 0 67 0.000785545954438 -0.0626865671642 20.4029850746 28.5223880597 0.313432835821 -94.7313432836 2.64179104478 0.805970149254 0.626865671642 0.595238095238 -0.925925925926
B -1 85 -0.0661764705882 0.0145882352941 20.7294117647 34.9764705882 -1.44705882353 5.47058823529 -50.8823529412 0.705882352941 0.658823529412 -2.14285714286 -2.01666666667
C 1 76 -0.015479876161 0.0289473684211 25.3684210526 38.3552631579 1.56578947368 24.7763157895 29.2763157895 0.526315789474 0.736842105263 -2.28571428571 -0.95
D 0 88 -0.0719696969697 0.0190909090909 29.2954545455 35.9545454545 -0.772727272727 15.0909090909 -78.8181818182 0.727272727273 0.590909090909 -2.11538461538 -1.90625
E 1 92 -0.0441576086957 0.0186956521739 20.7282608696 38.3804347826 -0.804347826087 5.5 -29.4782608696 0.608695652174 0.70652173913 -2.16923076923 -1.98214285714
F 1 74 -0.0477477477477 0.0848648648649 18.6891891892 36.7972972973 5.72972972973 40.3513513514 -29.4054054054 0.648648648649 0.662162162162 -4.36734693878 -2.02083333333
G 1 89 -0.0162297128589 0.0265168539326 27.9325842697 34.3707865169 0.786516853933 19.3258426966 4.96629213483 0.539325842697 0.674157303371 -2.7 -0.916666666667
H 1 89 0.00264375413087 0.0215730337079 27.4831460674 34.3370786517 0.0112359550562 14.0112359551 0.415730337079 0.76404494382 0.494382022472 -2.13636363636 -0.632352941176
I 1 44 -0.0625 0.0209090909091 6.13636363636 38.2954545455 -0.295454545455 3.15909090909 -18.5681818182 0.818181818182 0.409090909091 -1.83333333333 -1.36111111111
J 1 46 0.0108695652174 0.00260869565217 6.89130434783 34.7608695652 5.63043478261 -7.9347826087 -2.80434782609 0.760869565217 0.434782608696 -0.9 -0.285714285714
K 0 85 -0.0934640522876 0.0178823529412 26.6 39.1764705882 -1.95294117647 4.09411764706 -36.2117647059 0.752941176471 0.658823529412 -2.21428571429 -2.8125
L 1 62 -0.150201612903 -0.0574193548387 25.2419354839 39.3064516129 -7.24193548387 -18.8225806452 -88.6612903226 0.677419354839 0.58064516129 0.916666666667 -3.80952380952
N 1 91 -0.0518925518926 0.0316483516484 30.8461538462 31.956043956 3.92307692308 17.4835164835 -34.1428571429 0.824175824176 0.527472527473 -2.5625 -1.52
O 0 80 -0.0472222222222 0.02 28.55 32.65 -0.425 14.275 -30.675 0.65 0.65 -2.23076923077 -0.692307692308
P 0 65 -0.0974358974359 0.072 17.9538461538 33.7076923077 2.98461538462 26.0 -66.8923076923 0.707692307692 0.615384615385 -4.075 -2.41304347826
Q 0 94 -0.00295508274232 0.0251063829787 29.0744680851 48.2021276596 -8.22340425532 20.7127659574 34.0531914894 0.670212765957 0.659574468085 0.274193548387 -0.0952380952381
R 0 84 -0.0686274509804 0.0157142857143 21.6666666667 34.6071428571 -3.25 -7.32142857143 -39.4404761905 0.738095238095 0.619047619048 -1.90384615385 -2.0
S 1 71 -0.0181086519115 0.0140845070423 15.1549295775 35.7323943662 2.28169014085 -1.15492957746 -8.56338028169 0.69014084507 0.816901408451 -2.10344827586 -1.0
T 1 67 -0.00497512437811 0.115820895522 18.5970149254 42.2388059701 -0.537313432836 107.970149254 -3.22388059701 0.761194029851 0.567164179104 -5.92105263158 -1.0
U 1 84 -0.031746031746 0.0390476190476 28.1428571429 36.0714285714 0.0119047619048 61.2023809524 -21.0119047619 0.785714285714 0.5 -2.11904761905 -1.43939393939
V 1 63 -0.0308641975309 0.0660317460317 20.1428571429 29.8095238095 -0.825396825397 89.2698412698 -16.9206349206 0.888888888889 0.539682539683 -4.91176470588 -1.30357142857
X 1 79 0.00999333777482 0.020253164557 23.9113924051 42.7088607595 2.12658227848 -0.53164556962 12.4050632911 0.79746835443 0.784810126582 -2.41935483871 -0.888888888889
Y 1 61 -0.0373406193078 0.0898360655738 18.0163934426 41.7213114754 -0.737704918033 103.852459016 -20.5081967213 0.819672131148 0.655737704918 -4.475 -1.56
Z 1 84 -0.0147058823529 0.0133333333333 21.7023809524 45.0714285714 -3.35714285714 0.5 -13.6666666667 0.571428571429 0.809523809524 -2.14705882353 -0.645833333333
b 0 67 -0.0746268656716 -0.0125373134328 15.9850746269 29.2985074627 -5.08955223881 3.89552238806 -55.0298507463 0.55223880597 0.537313432836 -0.944444444444 -0.351351351351
c 1 49 -0.0170068027211 0.0122448979592 12.8163265306 16.8775510204 1.0612244898 5.26530612245 1.59183673469 0.673469387755 0.734693877551 0.0277777777778 -0.727272727273
d 1 67 0.0769230769231 -0.0567164179104 16.1940298507 29.3582089552 2.70149253731 -20.8805970149 43.8358208955 0.701492537313 0.492537313433 -0.666666666667 0.744680851064
e 1 50 -0.00833333333333 0.0384 12.02 16.48 0.16 9.36 3.12 0.58 0.72 0.388888888889 -0.827586206897
f 1 48 -0.0909090909091 0.0508333333333 9.04166666667 37.4375 5.5625 12.3958333333 -11.3541666667 0.729166666667 0.541666666667 -3.84615384615 -1.8
g 0 79 0.00778967867575 0.17164556962 11.7974683544 48.7721518987 1.30379746835 47.2278481013 10.6708860759 0.569620253165 0.721518987342 3.31578947368 -1.0
h 1 41 -0.138211382114 0.0292682926829 4.78048780488 35.1219512195 -1.31707317073 3.65853658537 -29.1707317073 0.536585365854 0.292682926829 -0.5 -0.0454545454545
h 1 34 -0.0955882352941 0.0223529411765 5.82352941176 18.7352941176 -1.88235294118 4.41176470588 -19.5882352941 0.617647058824 0.5 1.23529411765 -0.761904761905
i 1 41 -0.0383275261324 0.130731707317 3.87804878049 45.2682926829 -2.0 10.0975609756 -19.8536585366 0.731707317073 0.536585365854 -2.5 -0.8
j 1 55 0.1 0.0894545454545 7.0 58.2727272727 7.83636363636 9.14545454545 58.7454545455 0.854545454545 0.509090909091 1.32142857143 0.170212765957
k 0 68 -0.0757918552036 -0.0111764705882 13.4264705882 32.1029411765 -3.94117647059 1.61764705882 -45.7941176471 0.705882352941 0.588235294118 -0.5 -1.875
l 1 41 -0.0284552845528 0.0107317073171 4.12195121951 34.6585365854 -0.658536585366 1.87804878049 -10.1219512195 0.80487804878 0.292682926829 -1.08333333333 -0.787878787879
n 1 57 -0.0511695906433 -0.0105263157895 14.7192982456 18.1578947368 -0.473684210526 -4.01754385965 -12.298245614 0.614035087719 0.456140350877 0.5 0.0857142857143
o 0 55 -0.0441558441558 0.00363636363636 15.5636363636 15.9090909091 0.436363636364 2.54545454545 -11.7090909091 0.672727272727 0.654545454545 0.194444444444 -0.918918918919
p 1 67 -0.0619977037887 0.0573134328358 14.8358208955 29.6417910448 2.83582089552 22.2388059701 -41.6119402985 0.686567164179 0.522388059701 1.65714285714 -1.19565217391
q 1 68 0.091628959276 0.0505882352941 16.1323529412 29.8235294118 -2.61764705882 13.3529411765 56.5882352941 0.720588235294 0.485294117647 1.69696969697 0.836734693878
r 1 37 -0.148648648649 0.0335135135135 9.81081081081 19.4864864865 2.56756756757 7.37837837838 -23.7027027027 0.594594594595 0.594594594595 -1.13636363636 -1.77272727273
s 1 49 -0.0371057513915 -0.00163265306122 8.85714285714 18.5306122449 1.22448979592 -3.91836734694 -8.69387755102 0.591836734694 0.857142857143 0.238095238095 -0.896551724138
t 1 33 -0.0519480519481 -0.00969696969697 4.9696969697 22.7878787879 -0.575757575758 -1.66666666667 1.84848484848 0.636363636364 0.484848484848 -0.125 -0.047619047619
u 1 57 -0.0409356725146 0.0112280701754 15.1578947368 17.9298245614 -1.38596491228 9.42105263158 -9.10526315789 0.631578947368 0.421052631579 1.125 -0.194444444444
v 1 36 0.0388888888889 0.0466666666667 7.38888888889 16.7222222222 -2.83333333333 13.4444444444 -1.61111111111 0.944444444444 0.527777777778 -1.0 -0.0588235294118
x 1 48 0.0176282051282 -0.00583333333333 12.1041666667 22.3958333333 0.729166666667 -7.3125 5.3125 0.833333333333 0.75 0.472222222222 -0.775
y 1 51 -0.0137254901961 0.0439215686275 7.82352941176 35.6078431373 1.86274509804 9.47058823529 -33.0392156863 0.843137254902 0.56862745098 2.96551724138 -0.46511627907
z 1 53 -0.033381712627 -0.0022641509434 11.8679245283 22.2452830189 -1.1320754717 -2.0 -10.2641509434 0.641509433962 0.830188679245 0.204545454545 -0.882352941176
& 0 97 -0.0113944655453 -0.0140206185567 23.5360824742 28.0618556701 0.536082474227 -49.175257732 -5.56701030928 0.659793814433 0.659793814433 -0.609375 -0.890625
1 1 41 -0.0243902439024 0.00878048780488 4.36585365854 33.7317073171 -0.926829268293 1.60975609756 -9.07317073171 0.731707317073 0.341463414634 -0.0714285714286 -0.666666666667
2 1 63 -0.00976800976801 0.271111111111 12.0317460317 82.6825396825 -2.28571428571 79.873015873 -46.1904761905 0.634920634921 0.84126984127 -1.35849056604 -0.55
3 1 61 0.0353089533417 0.0131147540984 12.131147541 35.3114754098 0.295081967213 -0.262295081967 -6.85245901639 0.704918032787 0.754098360656 -1.82608695652 -0.209302325581
4 0 58 0.0543766578249 0.00137931034483 11.3965517241 23.724137931 1.48275862069 -4.31034482759 47.0 0.741379310345 0.568965517241 -0.181818181818 0.232558139535
5 1 64 0.046875 0.024375 12.890625 36.640625 4.71875 3.3125 12.8125 0.59375 0.78125 -1.44 -0.105263157895
6 1 72 -0.0138888888889 -0.0161111111111 14.1388888889 31.0416666667 1.23611111111 -14.9861111111 11.4861111111 0.722222222222 0.652777777778 -1.89361702128 -1.19230769231
7 1 53 0.0493468795356 0.0867924528302 10.641509434 39.4528301887 1.43396226415 49.3962264151 8.0 0.754716981132 0.603773584906 -4.4375 0.25
8 1 72 -0.0405092592593 -0.0238888888889 12.375 31.4583333333 0.986111111111 -11.8472222222 -11.9861111111 0.638888888889 0.625 -1.26666666667 -0.760869565217
9 1 67 -0.0618336886994 0.035223880597 14.1791044776 30.4029850746 0.507462686567 17.8208955224 -41.0447761194 0.746268656716 0.671641791045 -1.06666666667 -1.2
0 0 72 -0.031746031746 0.02 16.2222222222 28.0555555556 -0.222222222222 8.11111111111 -13.5 0.75 0.5 -1.0 -0.814814814815
( 1 46 -0.0555555555556 0.02 6.45652173913 43.5434782609 -0.347826086957 3.13043478261 37.4782608696 0.695652173913 0.521739130435 0.916666666667 -0.78125
$ 1 69 -0.0445134575569 0.00985507246377 14.2753623188 35.8985507246 0.304347826087 -5.26086956522 -25.6376811594 0.623188405797 0.811594202899 -0.964285714286 -1.44186046512
. 1 14 -0.0833333333333 0.0342857142857 3.64285714286 4.0 -0.428571428571 3.57142857143 -2.0 0.5 0.714285714286 5.4 -0.714285714286
! 1 40 0.0 0.279 3.25 81.375 0.0 22.75 0.0 0.825 0.475 1.94736842105 -1.0
? 1 39 -0.115384615385 0.295384615385 2.89743589744 89.8974358974 -5.71794871795 19.9743589744 -70.1282051282 0.717948717949 0.615384615385 -1.125 -1.14285714286
) 1 44 -0.0340909090909 0.02 5.54545454545 40.5 -0.136363636364 2.77272727273 -60.1363636364 0.863636363636 0.454545454545 1.1 -0.789473684211
