A 0 68 -0.0147058823529 -0.0323529411765 19.2205882353 27.5735294118 -0.647058823529 -70.2352941176 -2.70588235294 0.764705882353 0.558823529412 -0.236842105263 -0.980769230769
B -1 84 -0.0739795918367 0.0190476190476 18.4642857143 32.3571428571 -0.785714285714 6.33333333333 -42.3571428571 0.47619047619 0.571428571429 -2.14583333333 -0.075
C 1 66 -0.032196969697 0.02 20.5757575758 37.4696969697 -0.257575757576 10.2878787879 28.1666666667 0.666666666667 0.787878787879 -2.36538461538 -2.09090909091
D 0 86 -0.0770348837209 0.0190697674419 26.0697674419 32.988372093 -0.546511627907 12.8023255814 -60.9651162791 0.53488372093 0.511627906977 -1.97727272727 -0.173913043478
E 1 81 -0.0208926875594 0.0256790123457 15.7037037037 36.6913580247 0.395061728395 9.95061728395 0.197530864198 0.37037037037 0.691358024691 -2.5 -0.2
F 1 61 -0.127049180328 0.087868852459 15.131147541 33.868852459 2.96721311475 20.8032786885 -44.9016393443 0.426229508197 0.590163934426 -5.25 -1.65384615385
G 1 86 0.0506155950752 0.0218604651163 24.3023255814 31.6162790698 0.5 10.7790697674 40.8720930233 0.627906976744 0.720930232558 -2.75806451613 -0.851851851852
H 1 80 0.0 0.0235 26.625 29.4125 0.0 13.225 0.0 0.675 0.35 -1.96428571429 0.981481481481
I 1 38 0.0 0.02 3.47368421053 30.5 0.0 1.73684210526 0.0 0.578947368421 0.210526315789 -0.625 0.454545454545
J 1 51 0.0539215686275 -0.0243137254902 5.37254901961 51.9411764706 5.21568627451 -10.5882352941 -9.25490196078 0.882352941176 0.274509803922 5.21428571429 -0.155555555556
K 1 70 -0.0828571428571 0.024 21.4142857143 36.6571428571 -0.6 9.22857142857 -10.7428571429 0.685714285714 0.6 -2.02380952381 -0.729166666667
L 1 52 -0.159763313609 -0.0615384615385 17.6153846154 36.8076923077 -6.96153846154 -15.4615384615 -51.1923076923 0.5 0.461538461538 2.95833333333 -1.92307692308
M 1 94 0.00876095118899 0.00936170212766 32.3404255319 25.2340425532 0.18085106383 10.3723404255 0.670212765957 0.712765957447 0.36170212766 -1.82352941176 1.0
N 1 84 0.00238095238095 0.0152380952381 25.1071428571 28.0238095238 0.904761904762 12.2142857143 2.5 0.714285714286 0.333333333333 -1.39285714286 0.75
O 0 76 -0.0248538011696 0.02 25.9210526316 30.7105263158 -0.223684210526 12.9605263158 -15.2236842105 0.763157894737 0.684210526316 -2.26923076923 -1.27586206897
P 0 62 -0.0992555831266 0.0812903225806 16.6451612903 31.0967741935 3.08064516129 25.4032258065 -48.8870967742 0.483870967742 0.516129032258 -4.6875 -0.666666666667
Q 0 80 -0.0111111111111 0.0375 25.65 35.7875 -2.7375 27.7875 4.2875 0.775 0.675 -1.75925925926 -0.951612903226
R 0 76 -0.093984962406 0.0252631578947 19.2368421053 31.7631578947 -2.72368421053 0.644736842105 -41.9605263158 0.605263157895 0.5 -2.89473684211 -0.413043478261
S 1 72 -0.0277777777778 0.0166666666667 15.1111111111 34.6666666667 0.625 1.43055555556 -15.8194444444 0.541666666667 0.861111111111 -2.54838709677 -1.07692307692
T 1 58 -0.042025862069 0.111724137931 13.9827586207 43.3448275862 -1.12068965517 86.3620689655 -23.7068965517 0.655172413793 0.586206896552 -6.64705882353 -1.60526315789
U 1 75 -0.00622222222222 0.0224 24.7866666667 30.9066666667 0.653333333333 42.2266666667 -4.76 0.733333333333 0.373333333333 0.785714285714 0.527272727273
V 1 62 -0.00853889943074 0.0425806451613 19.5967741935 27.7419354839 0.435483870968 79.6935483871 2.33870967742 0.887096774194 0.516129032258 -4.15625 -0.854545454545
W 1 98 -0.010667903525 0.0244897959184 37.1530612245 26.6326530612 0.418367346939 82.1530612245 0.316326530612 0.897959183673 0.428571428571 -3.21428571429 -0.909090909091
X 1 66 0.0181818181818 0.0163636363636 19.0303030303 37.1060606061 -0.681818181818 -3.59090909091 9.4696969697 0.924242424242 0.666666666667 -2.20454545455 -0.524590163934
Y 1 52 0.0 0.0853846153846 13.1538461538 34.9423076923 0.0 76.0384615385 0.0 0.923076923077 0.538461538462 -5.60714285714 -0.729166666667
Z 1 75 -0.0433333333333 0.0149333333333 18.4533333333 44.0266666667 -2.06666666667 2.54666666667 -33.0266666667 0.533333333333 0.853333333333 -2.265625 -1.575
a 0 55 -0.0742424242424 0.00218181818182 12.0545454545 16.3090909091 -0.927272727273 -2.85454545455 -13.8727272727 0.509090909091 0.690909090909 0.289473684211 -0.928571428571
b 0 66 -0.0745920745921 -0.0309090909091 16.8484848485 27.3484848485 -3.42424242424 -6.36363636364 -50.6363636364 0.515151515152 0.484848484848 -0.03125 -0.205882352941
c 1 48 -0.0434027777778 0.0 12.6875 19.6666666667 0.0 0.0 7.08333333333 0.520833333333 0.791666666667 0.131578947368 -0.96
d 0 65 0.0591715976331 -0.0166153846154 15.9384615385 27.6769230769 4.63076923077 -3.33846153846 47.4 0.661538461538 0.553846153846 -0.444444444444 0.976744186047
e 0 56 -0.00824175824176 0.0335714285714 12.3214285714 16.4821428571 -0.660714285714 10.875 1.83928571429 0.446428571429 0.732142857143 0.487804878049 -0.28
f 1 45 -0.0197530864198 0.0577777777778 6.08888888889 33.9777777778 4.37777777778 15.1777777778 13.5333333333 0.777777777778 0.444444444444 -4.65 -1.28571428571
g -1 74 -0.0144787644788 -0.00108108108108 12.9054054054 32.4324324324 1.94594594595 -12.1891891892 3.10810810811 0.675675675676 0.675675675676 3.78 -1.46
h 1 66 -0.0582750582751 -0.0290909090909 17.9090909091 27.4545454545 -5.36363636364 -15.5757575758 -35.8787878788 0.636363636364 0.393939393939 -0.769230769231 -0.142857142857
i 1 39 0.0102564102564 0.145641025641 2.97435897436 43.8974358974 0.512820512821 8.76923076923 5.53846153846 0.589743589744 0.384615384615 -4.0 0.217391304348
j 1 50 -0.00666666666667 0.1168 3.4 59.24 1.08 5.32 1.48 0.88 0.34 -0.882352941176 -0.909090909091
k 1 61 -0.093316519546 -0.0183606557377 16.6885245902 29.5737704918 -3.70491803279 -3.11475409836 -41.737704918 0.639344262295 0.590163934426 -0.25 -0.717948717949
l 1 38 0.0 0.02 3.47368421053 30.5 0.0 1.73684210526 0.0 0.578947368421 0.210526315789 -0.625 0.454545454545
m 1 86 -0.0424418604651 0.00046511627907 37.2906976744 17.3604651163 -1.39534883721 -11.1627906977 -14.6279069767 0.686046511628 0.488372093023 -0.452380952381 -0.0508474576271
n 1 57 -0.0161943319838 0.0357894736842 17.298245614 18.0175438596 -1.64912280702 8.42105263158 -8.42105263158 0.614035087719 0.456140350877 -0.153846153846 0.514285714286
o 0 50 -0.0107692307692 -0.0008 14.86 16.38 0.02 -0.02 -1.14 0.66 0.68 0.264705882353 -0.0909090909091
p 0 67 -0.0780711825488 0.0644776119403 16.9552238806 30.6567164179 2.9552238806 19.7313432836 -48.9253731343 0.507462686567 0.462686567164 0.870967741935 -0.147058823529
q 0 65 0.0639053254438 0.0566153846154 16.5538461538 29.5076923077 -3.87692307692 17.2 39.3538461538 0.676923076923 0.553846153846 1.19444444444 1.11363636364
r 1 36 -0.172222222222 0.0444444444444 11.1666666667 18.9444444444 2.83333333333 7.22222222222 -23.8888888889 0.472222222222 0.5 -2.05555555556 -1.52941176471
s 1 55 -0.00909090909091 -0.00145454545455 10.5454545455 18.0 1.52727272727 -2.03636363636 -1.45454545455 0.527272727273 0.818181818182 0.311111111111 -1.55172413793
t 1 39 -0.037037037037 -0.0225641025641 6.64102564103 25.1282051282 -4.07692307692 -3.41025641026 3.61538461538 0.717948717949 0.564102564103 0.0454545454545 -1.32142857143
u 1 56 0.00274725274725 0.00857142857143 16.6071428571 16.8928571429 -0.446428571429 12.375 4.23214285714 0.660714285714 0.5 1.25 0.189189189189
v 1 41 -0.0400696864111 0.0614634146341 13.6829268293 16.9024390244 -0.536585365854 44.3414634146 -6.73170731707 0.878048780488 0.634146341463 -1.61538461538 -1.36111111111
w 1 64 -0.0251736111111 0.0425 23.359375 14.625 -0.5 48.71875 -7.03125 0.84375 0.53125 -0.970588235294 -1.2037037037
x 1 48 0.00641025641026 -0.00333333333333 14.0416666667 20.7083333333 0.208333333333 -2.25 -1.95833333333 0.895833333333 0.75 0.361111111111 -0.604651162791
y 1 56 -0.010989010989 0.075 12.0357142857 37.1607142857 4.73214285714 47.0892857143 -10.2321428571 0.892857142857 0.517857142857 1.48275862069 -1.04
z 1 51 -0.0105580693816 -0.00470588235294 11.9411764706 23.0980392157 -1.07843137255 -4.88235294118 -4.33333333333 0.56862745098 0.901960784314 0.260869565217 -0.793103448276
& 0 79 -0.00744601638124 -0.0172151898734 21.6962025316 30.6329113924 -2.87341772152 -33.4303797468 -4.18987341772 0.708860759494 0.759493670886 -1.46666666667 -0.839285714286
1 1 42 0.0654761904762 0.0314285714286 5.28571428571 33.9761904762 -1.5 8.88095238095 8.64285714286 0.880952380952 0.380952380952 -3.0625 -0.297297297297
2 1 64 0.0372596153846 0.005625 13.546875 38.796875 -0.765625 0.734375 -1.359375 0.59375 0.8125 -1.78846153846 0.105263157895
3 1 68 0.0237556561086 0.0164705882353 13.5147058824 35.5294117647 0.985294117647 -2.39705882353 -15.5735294118 0.573529411765 0.794117647059 -2.33333333333 0.333333333333
4 0 58 0.0110837438424 0.0103448275862 12.775862069 24.0172413793 1.20689655172 -7.58620689655 26.2413793103 0.810344827586 0.551724137931 -0.53125 -0.297872340426
5 1 69 0.025641025641 0.0260869565217 12.5652173913 34.6231884058 1.21739130435 -2.60869565217 2.11594202899 0.579710144928 0.753623188406 -1.28846153846 -0.5
6 0 69 -0.0610766045549 0.0115942028986 15.0 29.3913043478 0.68115942029 -7.75362318841 -14.5942028986 0.608695652174 0.695652173913 -1.5 -1.04761904762
7 1 53 0.00145137880987 0.0905660377358 9.94339622642 40.7169811321 2.2641509434 44.679245283 -16.0377358491 0.754716981132 0.641509433962 -4.02941176471 -0.625
8 -1 70 0.0032967032967 0.0188571428571 14.7857142857 30.3857142857 -0.0571428571429 4.85714285714 0.714285714286 0.657142857143 0.714285714286 -1.52 -0.0217391304348
9 0 68 -0.00525210084034 0.0329411764706 14.0147058824 29.9117647059 1.08823529412 18.7941176471 -14.5588235294 0.720588235294 0.735294117647 -1.36 -0.877551020408
0 0 69 -0.0486542443064 0.0150724637681 17.5507246377 28.7826086957 0.260869565217 5.82608695652 -19.8550724638 0.724637681159 0.521739130435 -1.0 -0.48
( 1 47 -0.0452127659574 0.0297872340426 5.12765957447 46.6170212766 0.531914893617 4.65957446809 28.0638297872 0.893617021277 0.425531914894 0.1 -1.07142857143
$ 1 69 -0.00557413600892 0.0197101449275 11.6086956522 31.9710144928 0.217391304348 1.49275362319 -1.14492753623 0.594202898551 0.797101449275 -0.309090909091 -0.609756097561
. 1 14 -0.0833333333333 0.0342857142857 3.64285714286 4.0 -0.428571428571 3.57142857143 -2.0 0.5 0.714285714286 5.4 -0.714285714286
! 1 40 -0.145833333333 0.287 3.875 82.675 -7.125 30.425 -82.225 0.575 0.4 1.875 -0.782608695652
? 1 49 -0.00556586270872 -0.0522448979592 8.14285714286 35.7959183673 0.69387755102 7.83673469388 -16.8571428571 0.734693877551 0.734693877551 -2.5 -0.527777777778
) 1 46 -0.070652173913 0.02 5.17391304348 44.5 -0.282608695652 2.58695652174 -64.2826086957 0.913043478261 0.434782608696 0.15 -1.2380952381
