A 0 73 -0.0246575342466 0.027397260274 26.8219178082 35.095890411 -0.780821917808 -67.9863013699 -17.904109589 0.794520547945 0.602739726027 0.227272727273 -1.37931034483
B -1 77 -0.0510204081633 0.0841750841751 17.5194805195 42.3506493506 -2.8961038961 36.8961038961 -48.974025974 0.623376623377 0.571428571429 -1.86363636364 -1.3125
C 1 82 -0.00577663671374 0.0934959349593 32.4756097561 43.9146341463 -0.414634146341 82.4146341463 19.9512195122 0.512195121951 0.780487804878 -2.40625 -0.833333333333
D 0 86 -0.0341997264022 0.0925925925926 25.6976744186 43.2906976744 -1.55813953488 63.2093023256 -52.0465116279 0.651162790698 0.558139534884 -2.0625 -1.0
E 1 78 0.00887573964497 0.0949667616334 14.6794871795 47.2564102564 0.538461538462 37.6153846154 17.1025641026 0.487179487179 0.692307692308 -2.40740740741 -1.55263157895
F 1 64 -0.0807291666667 0.137731481481 13.78125 49.21875 3.140625 44.703125 -26.515625 0.5625 0.5625 -4.72222222222 -2.36111111111
G 1 106 -0.00898472596586 0.09678546471 32.8679245283 37.5 0.77358490566 91.0188679245 -0.264150943396 0.452830188679 0.792452830189 -2.60714285714 -1.4375
H 1 90 -0.0243055555556 0.0930041152263 27.9444444444 45.5333333333 -0.977777777778 69.7111111111 -18.7111111111 0.755555555556 0.355555555556 -1.75 -0.544117647059
I 1 44 -0.0454545454545 0.0925925925926 4.45454545455 45.5909090909 -0.681818181818 11.1363636364 -19.0454545455 0.772727272727 0.272727272727 -1.16666666667 -0.588235294118
J 1 53 0.0974842767296 0.0593990216632 12.9811320755 39.8679245283 10.0377358491 17.3962264151 74.2264150943 0.77358490566 0.452830188679 1.125 1.09756097561
K 1 78 -0.0521367521368 0.0925925925926 20.1153846154 50.858974359 -2.0 49.9743589744 -14.1282051282 0.820512820513 0.538461538462 -2.09523809524 -1.046875
L 1 54 -0.154320987654 0.0432098765432 13.8888888889 42.0555555556 -10.8333333333 23.8703703704 -102.833333333 0.666666666667 0.444444444444 1.75 -2.88888888889
M 1 124 -0.0234604105572 0.0609318996416 44.1774193548 38.0322580645 -0.862903225806 79.1532258065 -19.6048387097 0.790322580645 0.370967741935 -1.4347826087 -1.09183673469
N 1 98 -0.0357142857143 0.0925925925926 30.193877551 41.3979591837 0.448979591837 66.1020408163 -19.6734693878 0.836734693878 0.387755102041 -2.44736842105 -1.14634146341
O 0 88 -0.025 0.0925925925926 36.5 41.2954545455 -1.35227272727 91.1477272727 -19.4431818182 0.590909090909 0.681818181818 -2.26666666667 -0.269230769231
P 0 68 -0.100840336134 0.13779956427 18.7058823529 47.3382352941 1.72058823529 56.5735294118 -57.3088235294 0.617647058824 0.529411764706 -4.36111111111 -2.2380952381
Q -1 102 -0.033422459893 0.0740740740741 37.3823529412 38.2352941176 -6.51960784314 68.3235294118 -32.3235294118 0.509803921569 0.764705882353 -1.71794871795 -0.346153846154
R 0 83 -0.0329317269076 0.0798750557787 18.8795180723 44.421686747 -1.31325301205 36.5180722892 -23.9638554217 0.698795180723 0.578313253012 -1.9375 -1.12068965517
S 1 69 -0.0165631469979 0.0950080515298 15.3333333333 40.4202898551 -0.304347826087 35.2898550725 -14.0144927536 0.666666666667 0.840579710145 -2.34482758621 -1.26086956522
T 1 54 -0.0327635327635 0.146090534979 9.83333333333 57.4259259259 -1.46296296296 65.7592592593 -24.6851851852 0.685185185185 0.481481481481 -6.26923076923 -1.10810810811
U 1 82 0.00894308943089 0.116982836495 21.5975609756 46.2804878049 0.268292682927 90.0 4.0243902439 0.829268292683 0.341463414634 -0.571428571429 -0.455882352941
V 1 72 -0.000730994152047 0.154835390947 24.2916666667 50.0694444444 -0.0972222222222 179.152777778 -0.680555555556 0.888888888889 0.5 -4.22222222222 -0.78125
W 1 117 -0.0231481481481 0.133270022159 39.5299145299 47.8376068376 -2.23931623932 217.760683761 -25.7948717949 0.846153846154 0.393162393162 -3.30434782609 -1.36363636364
X 1 76 -0.0241228070175 0.0925925925926 27.0394736842 54.4473684211 -1.10526315789 67.7368421053 -31.0 0.868421052632 0.763157894737 -2.3275862069 -0.833333333333
Y 1 62 0.00664136622391 0.163082437276 17.5322580645 58.2096774194 -0.161290322581 142.870967742 3.87096774194 0.903225806452 0.58064516129 -4.75 -0.660714285714
Z 1 71 -0.0472837022133 0.0881585811163 16.2394366197 53.2253521127 -2.80281690141 34.6338028169 -43.5352112676 0.507042253521 0.760563380282 -2.42592592593 -0.972222222222
a 0 70 0.00892857142857 0.0185185185185 25.6857142857 25.5285714286 0.0714285714286 12.8428571429 17.4428571429 0.571428571429 0.628571428571 -0.204545454545 0.4
b 0 78 -0.0912518853695 0.0612535612536 28.2435897436 37.0384615385 -7.24358974359 55.8846153846 -117.397435897 0.512820512821 0.615384615385 -0.958333333333 -0.175
c 1 64 -0.03515625 0.0185185185185 22.5625 22.4375 -0.28125 11.28125 -11.28125 0.46875 0.8125 -0.384615384615 -1.2
d 0 79 0.0403481012658 0.0632911392405 25.6835443038 36.8734177215 5.87341772152 43.5189873418 81.0379746835 0.632911392405 0.582278481013 -0.934782608696 1.06
e 0 71 -0.0325704225352 0.0151278038602 18.9718309859 20.8591549296 -0.535211267606 8.76056338028 -11.3521126761 0.43661971831 0.774647887324 -0.236363636364 -0.967741935484
f 1 44 -0.00505050505051 0.0909090909091 6.95454545455 45.3636363636 3.54545454545 25.1818181818 28.8636363636 0.863636363636 0.363636363636 -3.375 -1.0
g 0 95 -0.0282894736842 -0.0795321637427 24.0736842105 44.0421052632 4.45263157895 -38.2 -25.5684210526 0.526315789474 0.642105263158 2.86885245902 0.02
h 1 76 -0.0640350877193 0.0570175438596 22.6973684211 37.3026315789 -7.07894736842 31.9210526316 -87.4473684211 0.657894736842 0.394736842105 -1.83333333333 0.08
i 1 44 -0.0833333333333 0.0925925925926 5.40909090909 46.5 -1.25 12.5227272727 -23.25 0.568181818182 0.318181818182 -3.0 0.16
j 1 53 -0.0471698113208 0.00978336827393 4.8679245283 58.1509433962 2.69811320755 -5.67924528302 -44.4716981132 0.88679245283 0.301886792453 0.625 -1.10638297872
k 1 74 -0.117760617761 0.0625625625626 20.4054054054 41.7972972973 -6.43243243243 40.1891891892 -85.0810810811 0.648648648649 0.540540540541 -0.625 -0.958333333333
l 1 44 -0.0833333333333 0.0925925925926 5.59090909091 46.5 -1.25 13.9772727273 -23.25 0.545454545455 0.227272727273 -0.8 0.333333333333
m 1 104 -0.0188127090301 0.0106837606838 49.5865384615 26.1346153846 -2.16346153846 -2.35576923077 -22.5673076923 0.653846153846 0.442307692308 -1.04347826087 0.838235294118
n 1 69 -0.0280193236715 0.00912506709608 22.5652173913 26.0434782609 -2.27536231884 -4.91304347826 -19.1739130435 0.608695652174 0.405797101449 -0.678571428571 0.785714285714
o 0 64 -0.03515625 0.0185185185185 22.9375 22.4375 -0.28125 11.46875 -11.96875 0.5625 0.6875 -0.272727272727 -0.277777777778
p 0 80 -0.1046875 -0.0356481481481 28.075 38.0875 7.325 -38.75 -125.1 0.5125 0.575 0.782608695652 -0.317073170732
q 0 80 0.04453125 -0.0361111111111 25.9125 37.9 -6.4 -25.7 88.625 0.65 0.575 0.826086956522 1.15384615385
r 1 40 -0.0972222222222 0.0398148148148 8.425 28.625 2.3 13.85 -16.3 0.45 0.4 -1.625 -0.0555555555556
s 1 56 -0.00744047619048 0.0125661375661 11.2321428571 20.875 0.875 1.58928571429 -2.625 0.625 0.785714285714 -0.25 -1.31428571429
t 1 44 -0.00252525252525 0.0951178451178 5.97727272727 41.9318181818 0.0909090909091 20.0909090909 -0.363636363636 0.886363636364 0.454545454545 -1.9 -0.74358974359
u 1 68 0.00490196078431 0.0321350762527 21.9852941176 26.2205882353 -1.38235294118 33.5 6.38235294118 0.661764705882 0.441176470588 1.23333333333 0.488888888889
v 1 54 0.00864197530864 0.079561042524 16.2037037037 26.8888888889 0.111111111111 66.4444444444 0.666666666667 0.888888888889 0.518518518519 -1.89285714286 -0.583333333333
w 1 88 0.00270562770563 0.0568181818182 30.3522727273 25.8068181818 0.193181818182 91.375 0.715909090909 0.840909090909 0.454545454545 -1.3 -0.837837837838
x 1 58 0.016091954023 0.0134099616858 18.1379310345 32.224137931 1.03448275862 -1.86206896552 8.96551724138 0.862068965517 0.758620689655 -0.227272727273 -0.56
y 1 67 -0.0634328358209 -0.00718629076838 17.1940298507 43.2388059701 4.88059701493 36.7611940299 -73.3880597015 0.880597014925 0.537313432836 0.444444444444 -1.79661016949
z 1 57 0.00674763832659 0.00649772579597 13.8421052632 29.5789473684 -0.298245614035 -4.75438596491 1.0701754386 0.456140350877 0.842105263158 -0.395833333333 -0.576923076923
0 0 76 -0.062030075188 0.0925925925926 19.7105263158 39.7105263158 -2.17105263158 49.2763157895 -36.3815789474 0.605263157895 0.447368421053 -1.88235294118 -0.0869565217391
1 1 45 0.0716049382716 0.115226337449 5.97777777778 49.3333333333 -1.13333333333 23.2222222222 3.35555555556 0.844444444444 0.444444444444 -3.45 -0.0263157894737
2 1 75 0.0311111111111 0.0696296296296 17.8266666667 43.8 -0.4 23.44 9.92 0.586666666667 0.786666666667 -1.30508474576 -0.522727272727
3 1 69 0.00579710144928 0.0810520665593 15.9130434783 40.3623188406 -0.231884057971 21.7391304348 -8.26086956522 0.652173913043 0.724637681159 -1.94 -0.177777777778
4 0 61 0.0469945355191 -0.0497874924104 17.3606557377 30.6885245902 2.34426229508 -38.7704918033 44.6393442623 0.688524590164 0.55737704918 2.44117647059 0.547619047619
5 1 78 0.000854700854701 -0.0132953466287 16.7564102564 34.4358974359 1.10256410256 -16.6666666667 4.84615384615 0.576923076923 0.730769230769 0.421052631579 -0.688888888889
6 0 67 0.0358208955224 -0.0431177446103 16.5373134328 35.2835820896 2.31343283582 -35.7164179104 23.8358208955 0.716417910448 0.686567164179 1.39130434783 -0.458333333333
7 1 57 -0.0080971659919 0.0448343079922 12.5614035088 43.1754385965 4.26315789474 36.7543859649 -36.0877192982 0.649122807018 0.631578947368 -1.47222222222 -0.513513513514
8 -1 71 -0.056338028169 -0.0266040688576 16.6197183099 34.9436619718 1.15492957746 -21.2957746479 -27.5211267606 0.647887323944 0.619718309859 0.909090909091 -1.15217391304
9 0 64 -0.00104166666667 0.0185185185185 16.546875 32.84375 1.75 25.5625 -13.34375 0.75 0.6875 -0.318181818182 -0.75
& -1 82 -0.0222381635581 -0.042908762421 21.3048780488 34.8170731707 -1.28048780488 -51.1585365854 -15.3292682927 0.69512195122 0.707317073171 1.75862068966 -0.754385964912
( 1 48 -0.00231481481481 -0.0740740740741 7.85416666667 51.2083333333 0.1875 -14.6875 59.7708333333 0.729166666667 0.5 2.54166666667 -0.285714285714
$ 1 74 0.035343035343 -0.0025025025025 12.6216216216 48.3648648649 0.148648648649 -3.90540540541 25.5 0.783783783784 0.702702702703 0.230769230769 -0.448275862069
. 1 16 0.0 -0.296296296296 4.625 68.625 0.0 -37.0 0.0 0.5625 0.75 8.16666666667 -0.222222222222
, 1 19 -0.015037593985 -0.325536062378 4.63157894737 84.3684210526 1.21052631579 -42.0526315789 -14.7894736842 0.736842105263 0.631578947368 8.83333333333 -0.571428571429
! 1 45 -0.015873015873 -0.0271604938272 4.33333333333 41.4 -0.844444444444 -4.08888888889 -7.37777777778 0.822222222222 0.311111111111 2.92857142857 -0.756756756757
? 1 55 -0.0155844155844 0.0154882154882 11.6 36.3818181818 -0.127272727273 29.1818181818 -16.6727272727 0.818181818182 0.690909090909 -1.05263157895 -0.933333333333
) 1 48 -0.0645833333333 -0.0740740740741 9.0625 51.2083333333 1.29166666667 -18.125 -103.0 0.791666666667 0.541666666667 2.42307692308 -0.763157894737
