A 0 54 -0.0410052910053 -0.024154589372 14.0555555556 23.4444444444 0.148148148148 -42.5185185185 -13.1111111111 0.87037037037 0.555555555556 0.4 -1.21276595745
B -1 72 -0.0673076923077 -0.00785024154589 15.0138888889 29.4583333333 -0.736111111111 -3.40277777778 -32.7083333333 0.513888888889 0.611111111111 -1.27272727273 -0.108108108108
C 1 58 -0.0628078817734 0.0 14.9482758621 30.5517241379 0.0172413793103 0.810344827586 -0.913793103448 0.706896551724 0.724137931034 -2.04761904762 -1.9756097561
D 0 70 -0.0615384615385 0.0 16.2857142857 28.4285714286 0.0 0.0 -38.1714285714 0.585714285714 0.514285714286 -1.52777777778 0.0243902439024
E 1 74 -0.0641891891892 0.00176263219741 14.1216216216 35.2027027027 0.135135135135 0.162162162162 -8.2972972973 0.310810810811 0.702702702703 -1.88461538462 -0.95652173913
F 1 58 -0.129310344828 0.0727136431784 14.7931034483 29.4655172414 3.68965517241 12.8275862069 -43.4827586207 0.396551724138 0.586206896552 -4.76470588235 -1.65217391304
G 1 68 -0.0252100840336 -0.00127877237852 15.8823529412 26.2941176471 -0.25 -2.48529411765 -0.691176470588 0.691176470588 0.705882352941 -2.08333333333 -1.12765957447
H 1 74 -0.0357142857143 0.00117508813161 17.2027027027 28.6486486486 1.2972972973 -1.02702702703 -14.3243243243 0.891891891892 0.513513513514 -1.44736842105 -1.34848484848
I 1 53 -0.0660377358491 -0.00738310090238 8.20754716981 38.0943396226 0.830188679245 -4.07547169811 -24.7169811321 0.584905660377 0.603773584906 -1.625 -1.35483870968
J 1 49 -0.00850340136054 -0.00887311446318 9.20408163265 34.4897959184 6.79591836735 -12.6326530612 -15.0408163265 0.714285714286 0.612244897959 -1.53333333333 -0.4
K 1 68 -0.102941176471 -0.00255754475703 17.9411764706 33.3529411765 -0.235294117647 -3.47058823529 -29.6764705882 0.808823529412 0.558823529412 -1.47368421053 -1.81818181818
L 1 50 -0.181666666667 -0.0878260869565 16.66 35.18 -4.8 -18.72 -43.76 0.42 0.44 3.13636363636 -2.47619047619
M 1 76 -0.0328947368421 0.0326086956522 20.6447368421 26.9605263158 0.0526315789474 13.9473684211 -15.2105263158 0.75 0.394736842105 -1.86666666667 -0.473684210526
N 1 78 -0.0338827838828 0.00111482720178 16.8333333333 26.7435897436 2.5 -0.807692307692 -11.3974358974 0.846153846154 0.384615384615 -1.36666666667 -1.34848484848
O 0 64 -0.0357142857143 0.0 17.375 25.25 0.0 0.0 -12.625 0.765625 0.5625 -1.61111111111 -0.65306122449
P 0 59 -0.112125162973 0.0626381724392 16.0 27.2372881356 3.10169491525 15.0338983051 -49.7457627119 0.491525423729 0.576271186441 -4.23529411765 -0.862068965517
Q 0 73 -0.00391389432485 0.0327575938058 16.5205479452 34.1506849315 -3.69863013699 19.1780821918 9.8904109589 0.767123287671 0.561643835616 -0.243902439024 -0.517857142857
R 0 72 -0.0598290598291 0.0024154589372 15.4722222222 30.0 -1.01388888889 -4.68055555556 -16.9583333333 0.625 0.555555555556 -2.05 -0.288888888889
S 1 64 -0.015625 -0.0054347826087 12.296875 29.625 -0.015625 -5.203125 -7.703125 0.578125 0.84375 -1.77777777778 -0.810810810811
T 1 52 -0.0453296703297 0.0819397993311 11.0192307692 35.9615384615 -0.634615384615 52.7884615385 -19.5192307692 0.692307692308 0.576923076923 -5.5 -1.52777777778
U 1 71 -0.0140845070423 0.0134721371709 18.1408450704 27.5492957746 -0.746478873239 23.7605633803 -9.08450704225 0.87323943662 0.422535211268 -0.666666666667 -1.0
V 1 55 -0.0272727272727 0.0703557312253 13.6181818182 25.2181818182 -0.672727272727 53.7272727273 -10.7454545455 0.927272727273 0.472727272727 -3.5 -1.13725490196
X 1 61 -0.0403530895334 -0.0064148253742 13.6721311475 35.131147541 -0.950819672131 -6.68852459016 -23.3114754098 0.786885245902 0.622950819672 -1.39473684211 -0.708333333333
Y 1 50 -0.0214285714286 0.0730434782609 11.7 30.76 -1.56 54.4 -13.24 0.94 0.56 -4.21428571429 -1.08510638298
Z 1 62 -0.0210918114144 -0.00981767180926 12.2096774194 38.7096774194 -1.22580645161 -7.90322580645 -8.70967741935 0.564516129032 0.774193548387 -1.54166666667 -0.885714285714
a 0 57 -0.0321637426901 -0.00228832951945 11.7192982456 16.6140350877 -0.789473684211 -7.31578947368 -8.43859649123 0.526315789474 0.631578947368 1.25 -0.833333333333
b 0 63 -0.0952380952381 -0.0193236714976 16.2857142857 26.5396825397 -3.15873015873 -1.73015873016 -56.9365079365 0.539682539683 0.507936507937 0.8125 -0.352941176471
c 1 50 -0.02 0.000869565217391 12.64 18.42 -0.02 0.02 7.22 0.54 0.72 1.16666666667 -1.25925925926
d 0 64 0.109375 -0.0570652173913 16.171875 28.8125 2.8125 -12.375 59.5625 0.734375 0.5625 0.361111111111 0.531914893617
e 0 54 -0.037037037037 -0.0024154589372 11.2592592593 15.3518518519 -0.518518518519 -0.962962962963 -4.11111111111 0.5 0.703703703704 1.52631578947 -0.62962962963
f 1 50 -0.095 0.075652173913 11.18 33.54 6.3 14.06 -12.9 0.76 0.6 -3.9 -2.60526315789
g -1 68 -0.0328054298643 0.00895140664962 13.2205882353 27.0294117647 1.61764705882 -3.47058823529 -2.64705882353 0.529411764706 0.647058823529 2.70454545455 -1.11111111111
h 1 65 -0.0910256410256 -0.0260869565217 15.9846153846 26.6307692308 -4.03076923077 -7.01538461538 -46.2153846154 0.646153846154 0.338461538462 0.0 -0.547619047619
i 1 47 -0.068085106383 0.0841813135985 6.04255319149 40.3617021277 -2.29787234043 3.74468085106 -28.170212766 0.744680851064 0.702127659574 -0.151515151515 -1.51428571429
j 1 60 0.1 0.110869565217 10.2666666667 51.4166666667 7.71666666667 16.65 64.0833333333 0.733333333333 0.616666666667 -0.189189189189 0.772727272727
k 1 61 -0.109709962169 -0.0228082679971 15.7540983607 29.8360655738 -4.04918032787 -6.04918032787 -43.6885245902 0.672131147541 0.524590163934 0.90625 -0.90243902439
l 1 51 -0.0637254901961 -0.0153452685422 8.52941176471 41.4117647059 -2.98039215686 -8.03921568627 -49.8039215686 0.725490196078 0.588235294118 1.23333333333 -1.64864864865
m 1 76 -0.0394736842105 -0.0120137299771 17.8157894737 15.4078947368 -0.394736842105 -3.31578947368 -10.7368421053 0.486842105263 0.368421052632 1.17857142857 0.351351351351
n 1 55 -0.0515151515152 -0.000790513833992 15.3090909091 17.0363636364 -0.618181818182 -4.03636363636 -11.8545454545 0.672727272727 0.4 0.681818181818 0.0540540540541
o 0 48 -0.0357142857143 0.000905797101449 15.0 15.5625 -0.0208333333333 0.0208333333333 -7.64583333333 0.770833333333 0.75 1.13888888889 -1.05405405405
p 0 62 -0.0781637717122 0.0813464235624 16.6290322581 27.5483870968 1.59677419355 27.5967741935 -37.1774193548 0.5 0.516129032258 0.96875 -0.129032258065
q 0 60 0.0987179487179 0.0797101449275 16.15 26.9666666667 -0.916666666667 25.3166666667 45.7833333333 0.733333333333 0.566666666667 0.823529411765 0.568181818182
r 1 39 -0.181623931624 0.056856187291 15.8717948718 18.9487179487 2.84615384615 8.07692307692 -33.6666666667 0.487179487179 0.564102564103 -2.40909090909 -1.84210526316
s 1 55 -0.0257575757576 -0.00632411067194 10.7454545455 16.6545454545 0.890909090909 -5.83636363636 -4.70909090909 0.545454545455 0.781818181818 0.372093023256 -1.16666666667
t 1 45 0.00808080808081 -0.00772946859903 8.35555555556 24.0444444444 -3.68888888889 -4.44444444444 8.04444444444 0.755555555556 0.666666666667 -0.433333333333 -1.20588235294
u 1 54 -0.0246913580247 0.00644122383253 14.8888888889 16.4444444444 -1.22222222222 8.07407407407 -1.66666666667 0.685185185185 0.407407407407 1.68181818182 -0.162162162162
v 1 45 -0.0222222222222 0.0618357487923 12.8222222222 17.2888888889 -0.6 38.6888888889 -5.22222222222 0.8 0.533333333333 -0.958333333333 -0.722222222222
x 1 44 -0.0416666666667 -0.00592885375494 13.3181818182 20.1363636364 0.0681818181818 -0.0681818181818 -10.0681818182 0.840909090909 0.772727272727 0.117647058824 -0.945945945946
y 1 59 -0.0762711864407 0.0412675018423 14.2203389831 32.6779661017 5.03389830508 16.9661016949 -50.2203389831 0.813559322034 0.576271186441 2.14705882353 -1.60416666667
z 1 52 -0.0340236686391 -0.00919732441472 12.25 22.8269230769 -1.42307692308 -3.88461538462 -7.0 0.538461538462 0.865384615385 0.355555555556 -1.14285714286
& -1 64 -0.0446428571429 -0.0319293478261 12.5625 26.328125 -0.8125 -21.75 -16.5 0.71875 0.65625 -0.785714285714 -1.80434782609
1 1 40 0.0625 0.0673913043478 5.4 29.75 -1.75 13.1 6.95 0.8 0.35 -3.42857142857 -0.0625
2 1 58 0.0 -0.0337331334333 11.5172413793 35.0517241379 -0.465517241379 -13.9137931034 -6.12068965517 0.672413793103 0.810344827586 -1.14893617021 -0.846153846154
3 1 58 -0.0272988505747 -0.00149925037481 10.4310344828 30.8620689655 0.120689655172 -5.08620689655 -26.2586206897 0.655172413793 0.758620689655 -1.68181818182 -0.710526315789
4 0 48 -0.0121527777778 -0.0271739130435 10.0208333333 19.75 1.89583333333 -13.5208333333 14.3125 0.75 0.583333333333 0.0 -0.361111111111
5 1 65 -0.0282051282051 0.01872909699 11.8769230769 30.7384615385 1.07692307692 2.0 -11.6307692308 0.615384615385 0.738461538462 -1.29166666667 -1.425
6 0 63 -0.037037037037 0.00276052449965 11.746031746 26.0634920635 0.714285714286 -6.36507936508 -3.8253968254 0.619047619048 0.634920634921 -1.35 -0.897435897436
7 1 48 -0.046875 0.0769927536232 8.97916666667 33.7291666667 0.833333333333 30.7083333333 -32.5416666667 0.75 0.625 -3.6 -1.11111111111
8 -1 61 -0.0368852459016 -0.00498930862438 11.7540983607 26.868852459 0.0819672131148 -3.75409836066 -12.1475409836 0.754098360656 0.655737704918 -0.725 -1.08695652174
9 0 63 -0.0383597883598 0.000690131124914 11.6031746032 25.8888888889 0.761904761905 2.98412698413 -21.0793650794 0.666666666667 0.634920634921 -0.375 -0.904761904762
0 -1 66 -0.0391414141414 0.0 13.0151515152 24.4848484848 -0.439393939394 0.984848484848 -11.5606060606 0.712121212121 0.575757575758 -0.631578947368 -0.510638297872
( 1 45 -0.104444444444 0.0154589371981 8.91111111111 40.4 0.0 1.73333333333 19.8222222222 0.777777777778 0.577777777778 0.346153846154 -1.31428571429
$ -1 60 -0.00128205128205 0.0275362318841 11.95 29.8666666667 0.85 1.21666666667 -2.88333333333 0.65 0.766666666667 -0.5 -0.820512820513
. 1 14 -0.0833333333333 0.0372670807453 3.64285714286 4.0 -0.428571428571 3.57142857143 -2.0 0.5 0.714285714286 5.4 -0.714285714286
! 1 40 -0.129166666667 0.309782608696 4.175 81.675 -5.975 32.925 -67.775 0.525 0.45 0.666666666667 -0.52380952381
? 1 50 -0.01 -0.0669565217391 8.28 35.3 -0.78 7.7 -15.9 0.78 0.7 -2.88571428571 -0.717948717949
) 1 47 -0.0063829787234 -0.00370027752081 8.10638297872 42.9361702128 0.808510638298 -2.89361702128 -69.3191489362 0.829787234043 0.595744680851 1.10714285714 -0.435897435897
