A 0 60 -0.0102564102564 -0.0775362318841 11.5333333333 29.65 0.0166666666667 -46.6833333333 -1.95 0.833333333333 0.5 1.06666666667 -0.84
B -1 79 -0.0233690360273 -0.00550357732526 14.6329113924 32.1265822785 -0.645569620253 -3.86075949367 -28.0379746835 0.582278481013 0.607594936709 -1.75 -0.739130434783
C 1 67 -0.00497512437811 0.00584036340039 17.5671641791 30.6119402985 0.820895522388 5.14925373134 17.1194029851 0.641791044776 0.686567164179 -2.0 -1.09302325581
D 0 76 -0.0385338345865 0.0 17.5131578947 31.5526315789 0.0 0.0 -38.2894736842 0.710526315789 0.5 -1.5 -1.27777777778
E 1 82 -0.0731707317073 -0.00530222693531 16.9756097561 36.0 -0.987804878049 -6.79268292683 -36.743902439 0.512195121951 0.707317073171 -1.96551724138 -1.88095238095
F 1 69 -0.125258799172 0.0604914933837 17.5507246377 34.0869565217 4.28985507246 19.9710144928 -65.4492753623 0.521739130435 0.63768115942 -3.84090909091 -2.91666666667
G 1 70 -0.00918367346939 0.0 16.0714285714 27.4571428571 0.257142857143 1.62857142857 7.6 0.7 0.628571428571 -1.90909090909 -0.959183673469
H 1 82 -0.00261324041812 -0.000530222693531 16.1097560976 33.7682926829 0.0487804878049 -0.0731707317073 0.292682926829 0.80487804878 0.487804878049 -1.675 -1.0303030303
I 1 58 -0.0156739811912 0.0 9.62068965517 41.7931034483 0.0 0.0 -4.68965517241 0.51724137931 0.551724137931 -1.59375 -0.466666666667
J 1 52 0.0695266272189 -0.0183946488294 10.9423076923 33.5 6.86538461538 -6.17307692308 17.3269230769 0.730769230769 0.615384615385 -1.21875 0.421052631579
K 1 76 -0.046992481203 0.00228832951945 14.9736842105 34.5526315789 -0.789473684211 -3.31578947368 -10.8421052632 0.842105263158 0.605263157895 -2.0652173913 -1.640625
L 1 58 -0.160098522167 -0.0629685157421 19.0344827586 38.0344827586 -4.3275862069 -17.9482758621 -82.9137931034 0.586206896552 0.551724137931 0.71875 -3.08823529412
N 1 83 -0.0139017608897 0.0141435306443 14.2771084337 30.421686747 2.18072289157 8.34939759036 -10.9518072289 0.771084337349 0.361445783133 -1.6 -0.65625
O 0 75 -0.0112820512821 0.00289855072464 16.76 29.6933333333 0.133333333333 0.266666666667 -2.0 0.573333333333 0.453333333333 -1.41176470588 0.372093023256
P 0 65 -0.0840236686391 0.0488294314381 14.3230769231 30.4153846154 3.29230769231 14.5538461538 -57.6307692308 0.584615384615 0.584615384615 -3.02631578947 -1.78947368421
Q 0 80 0.00576923076923 0.0608695652174 16.675 36.9 -2.35 22.45 19.15 0.6125 0.45 -0.777777777778 0.612244897959
R 0 75 -0.0337777777778 -0.0173913043478 15.8133333333 32.4533333333 -2.90666666667 -19.52 -25.68 0.773333333333 0.586666666667 -1.75 -1.31034482759
S 1 76 -0.0197368421053 -0.00286041189931 14.2763157895 28.5657894737 0.907894736842 -3.82894736842 -12.3026315789 0.618421052632 0.776315789474 -1.83050847458 -1.40425531915
T 1 60 -0.00222222222222 0.0695652173913 13.4 38.2333333333 0.05 57.6166666667 -1.08333333333 0.683333333333 0.6 -4.27777777778 -0.731707317073
U 1 74 -0.00900900900901 0.0381903642773 17.0 30.1756756757 0.608108108108 31.7702702703 -3.7972972973 0.837837837838 0.459459459459 -2.29411764706 -1.01612903226
V 1 62 -0.0103686635945 0.0792426367461 12.4032258065 28.9838709677 -0.241935483871 48.0483870968 -2.59677419355 0.903225806452 0.451612903226 -3.92857142857 -1.07142857143
W 1 77 -0.0207792207792 0.0316205533597 16.4155844156 28.2077922078 0.688311688312 33.4155844156 -6.37662337662 0.805194805195 0.415584415584 -2.125 -1.12903225806
X 1 67 -0.0170575692964 -0.0103828682674 12.8656716418 39.1343283582 -1.29850746269 -10.4029850746 -8.67164179104 0.805970149254 0.597014925373 -1.225 -1.25925925926
Y 1 56 -0.00637755102041 0.0737577639752 10.8392857143 34.7678571429 -0.125 49.8035714286 -1.875 0.875 0.535714285714 -3.73333333333 -1.02040816327
Z 1 69 -0.0755693581781 -0.00378071833648 15.3768115942 38.1449275362 -0.971014492754 -1.57971014493 -38.5072463768 0.594202898551 0.782608695652 -1.74074074074 -1.31707317073
a 0 59 -0.105326876513 -0.0132645541636 15.406779661 18.7118644068 -2.93220338983 -5.98305084746 -22.3898305085 0.542372881356 0.762711864407 0.688888888889 -1.5625
b 0 65 -0.0373626373626 -0.0321070234114 14.8615384615 25.2307692308 -4.67692307692 -0.492307692308 -36.9230769231 0.723076923077 0.553846153846 -0.916666666667 -1.68085106383
c 1 49 0.0094191522763 0.0 13.0612244898 18.4489795918 -0.122448979592 -1.18367346939 16.612244898 0.591836734694 0.816326530612 0.025 -0.48275862069
d 0 66 0.0232323232323 -0.036231884058 15.1363636364 27.6515151515 1.30303030303 -25.1818181818 36.9393939394 0.712121212121 0.606060606061 -0.05 -0.297872340426
e 0 59 0.00651890482399 -0.00589535740604 12.5254237288 15.8644067797 -0.796610169492 -2.08474576271 3.47457627119 0.508474576271 0.745762711864 0.318181818182 -0.5
f 1 57 -0.0365497076023 -0.0122044241037 9.94736842105 34.2105263158 5.80701754386 -7.0350877193 -8.33333333333 0.578947368421 0.736842105263 -1.33333333333 -1.45454545455
g -1 79 0.00253164556962 0.0407264722069 16.1139240506 29.3924050633 2.36708860759 6.77215189873 19.9113924051 0.632911392405 0.683544303797 2.14814814815 -1.16
h 1 69 -0.048309178744 -0.0604914933837 15.5942028986 29.9710144928 -4.27536231884 -22.9420289855 -33.4057971014 0.768115942029 0.536231884058 0.405405405405 -1.77358490566
i 1 51 -0.0392156862745 -0.0571184995737 7.8431372549 35.9411764706 -0.941176470588 -26.9411764706 -9.33333333333 0.627450980392 0.607843137255 0.387096774194 -0.96875
j 1 56 0.131493506494 0.11801242236 10.125 53.0 7.57142857143 11.0 69.75 0.767857142857 0.482142857143 -0.555555555556 1.09302325581
k 1 69 -0.056038647343 -0.0396975425331 15.2173913043 31.1739130435 -3.5652173913 -15.768115942 -34.2028985507 0.797101449275 0.63768115942 0.113636363636 -1.87272727273
l 1 54 -0.0413105413105 -0.037037037037 9.57407407407 38.8888888889 -3.68518518519 -17.1296296296 -28.9074074074 0.62962962963 0.62962962963 0.235294117647 -1.35294117647
m -1 76 -0.0236842105263 0.0194508009153 17.5657894737 17.5263157895 -0.578947368421 3.68421052632 -12.3947368421 0.684210526316 0.5 1.10526315789 -0.634615384615
n 1 62 -0.0258064516129 -0.0189340813464 15.5483870968 20.5967741935 -1.8064516129 -12.2580645161 -12.0967741935 0.758064516129 0.596774193548 1.02702702703 -1.21276595745
o 0 52 -0.00443786982249 0.0 14.4423076923 16.8461538462 0.0 0.0 -0.346153846154 0.634615384615 0.653846153846 0.264705882353 0.0
p 0 66 -0.0465367965368 0.0830039525692 15.5 29.4848484848 1.21212121212 30.6666666667 -42.6363636364 0.742424242424 0.575757575758 0.657894736842 -1.69387755102
q 0 65 0.0276923076923 0.0755852842809 15.1846153846 27.7076923077 -3.56923076923 19.3538461538 23.6307692308 0.707692307692 0.553846153846 1.25 -0.108695652174
r 1 52 -0.0502958579882 0.0158862876254 13.6153846154 23.9423076923 2.26923076923 16.2692307692 -20.0 0.557692307692 0.653846153846 -0.264705882353 -1.1724137931
s 1 64 -0.0288461538462 0.00203804347826 12.46875 16.671875 1.015625 -3.109375 -5.953125 0.421875 0.734375 0.276595744681 -0.518518518519
t 1 48 0.00641025641026 -0.0172101449275 10.7916666667 21.8125 -2.5 -1.16666666667 1.91666666667 0.729166666667 0.708333333333 -0.852941176471 -1.4
u 1 60 -0.00222222222222 0.00724637681159 14.5333333333 19.4666666667 -3.35 2.75 3.58333333333 0.816666666667 0.5 1.0 -1.14285714286
v 1 50 -0.00714285714286 0.0713043478261 11.86 18.8 0.08 39.72 0.12 0.86 0.56 -1.67857142857 -1.06976744186
w 1 56 -0.00595238095238 0.0465838509317 15.5535714286 19.0 0.107142857143 31.0714285714 0.142857142857 0.767857142857 0.571428571429 -1.125 -1.0
x 1 60 -0.0142857142857 -0.00797101449275 13.8 23.0833333333 -1.05 -7.15 -4.75 0.683333333333 0.7 0.380952380952 -1.26829268293
y 1 61 -0.0374707259953 0.113328581611 12.3278688525 37.9836065574 3.39344262295 41.262295082 -20.606557377 0.83606557377 0.524590163934 0.75 -1.27450980392
z 1 62 -0.0253456221198 -0.00210378681627 15.0967741935 24.1129032258 -0.774193548387 -1.1935483871 -10.3870967742 0.548387096774 0.870967741935 0.148148148148 -1.29411764706
& 1 76 -0.0234962406015 -0.0389016018307 13.5131578947 25.2105263158 0.0394736842105 -26.2763157895 -10.4342105263 0.723684210526 0.592105263158 -0.333333333333 -1.32727272727
1 1 45 -0.010101010101 -0.0164251207729 6.55555555556 31.7111111111 -0.866666666667 -12.3777777778 -4.37777777778 0.733333333333 0.622222222222 1.0 -1.09090909091
2 1 66 0.0221445221445 -0.0158102766798 14.4696969697 34.7575757576 -1.45454545455 -4.66666666667 -3.06060606061 0.575757575758 0.787878787879 -0.942307692308 0.131578947368
3 1 68 -0.00735294117647 -0.00319693094629 13.6029411765 29.9264705882 0.0588235294118 -7.5 -13.3235294118 0.647058823529 0.823529411765 -1.82142857143 -0.818181818182
4 0 62 0.0253456221198 -0.0357643758766 11.7419354839 25.564516129 -1.43548387097 -15.9838709677 35.0161290323 0.741935483871 0.709677419355 1.72727272727 -0.478260869565
5 1 73 -0.0263435194942 0.00655151876117 13.1643835616 29.6575342466 0.109589041096 -5.17808219178 -9.83561643836 0.534246575342 0.72602739726 -0.396226415094 -1.02564102564
6 0 70 0.0032967032967 0.00434782608696 13.6142857143 26.6428571429 1.14285714286 -2.4 9.48571428571 0.571428571429 0.714285714286 -0.44 -0.275
7 1 51 -0.047619047619 0.104859335038 11.2156862745 34.9607843137 -0.0980392156863 51.5882352941 -26.0980392157 0.666666666667 0.686274509804 -3.45714285714 -1.38235294118
8 -1 71 -0.00704225352113 0.00244947948561 14.2112676056 27.014084507 0.281690140845 -2.42253521127 -1.12676056338 0.69014084507 0.760563380282 0.240740740741 -1.18367346939
9 0 70 -0.0142857142857 0.00310559006211 13.6142857143 26.5 1.04285714286 2.21428571429 -12.3 0.614285714286 0.714285714286 0.54 -0.302325581395
0 0 66 -0.018648018648 0.0 14.9090909091 25.7575757576 0.0606060606061 0.181818181818 -9.15151515152 0.712121212121 0.515151515152 0.441176470588 -0.191489361702
( 1 46 -0.0507246376812 0.0207939508507 7.15217391304 44.0 -0.239130434783 3.45652173913 45.4565217391 0.739130434783 0.565217391304 -0.0384615384615 -0.588235294118
$ 1 75 -0.00410256410256 0.0173913043478 13.2 29.7333333333 -0.213333333333 7.28 -2.18666666667 0.693333333333 0.773333333333 -0.344827586207 -0.461538461538
. 1 13 -0.0512820512821 -0.0100334448161 3.23076923077 3.61538461538 0.461538461538 -1.07692307692 -1.07692307692 0.769230769231 0.769230769231 6.4 -0.8
! 1 38 -0.0105263157895 0.288329519451 3.05263157895 71.6842105263 0.0789473684211 21.9210526316 -0.131578947368 0.5 0.342105263158 2.84615384615 0.263157894737
? 1 53 -0.0275761973875 -0.0221493027071 9.18867924528 28.6603773585 0.566037735849 14.1509433962 -14.3018867925 0.679245283019 0.792452830189 -1.61904761905 -0.916666666667
) 1 46 0.0289855072464 0.0207939508507 6.60869565217 44.0 0.173913043478 3.21739130435 -49.1304347826 0.869565217391 0.521739130435 0.0 -0.225
