A 0 68 -0.0245098039216 0.0531674208145 22.9117647059 32.8529411765 -0.632352941176 -36.5735294118 -15.8088235294 0.779411764706 0.588235294118 -0.7 -1.05660377358
B -1 86 -0.0472868217054 0.110465116279 20.8720930233 42.6627906977 -3.11627906977 55.3023255814 -45.7674418605 0.360465116279 0.604651162791 -2.38461538462 1.38709677419
C 1 75 -0.0362962962963 0.111794871795 27.5333333333 43.0133333333 -2.45333333333 78.0533333333 -11.5466666667 0.546666666667 0.773333333333 -2.77586206897 -1.41463414634
D 0 86 -0.0697674418605 0.115384615385 27.5348837209 43.6976744186 -3.5 83.3604651163 -71.8720930233 0.453488372093 0.53488372093 -2.58695652174 0.846153846154
E 1 91 -0.0300366300366 0.116229923922 20.6043956044 46.7582417582 -1.25274725275 62.2637362637 -5.05494505495 0.208791208791 0.703296703297 -2.8125 0.0526315789474
F 1 69 -0.0541062801932 0.182274247492 18.1449275362 52.7391304348 4.26086956522 85.768115942 4.63768115942 0.536231884058 0.63768115942 -5.25 -3.64864864865
G 1 84 -0.015873015873 0.108974358974 26.3333333333 39.0714285714 -1.2380952381 75.4047619048 -7.11904761905 0.511904761905 0.761904761905 -2.765625 -1.44186046512
H 1 87 0.025016903313 0.114500442087 30.724137931 42.4252873563 1.18390804598 91.8045977011 23.2528735632 0.804597701149 0.436781609195 -2.36842105263 -0.557142857143
I 1 50 -0.062 0.115384615385 8.54 51.24 -1.86 25.62 -27.86 0.64 0.6 -2.66666666667 -1.34375
J 1 56 0.0741758241758 0.0968406593407 12.25 40.5535714286 8.25 29.5 63.5714285714 0.714285714286 0.535714285714 -1.9 0.45
K 1 80 -0.0632352941176 0.115384615385 24.925 49.35 -3.35 73.6 -19.425 0.8 0.625 -2.74 -1.765625
L 1 56 -0.154336734694 0.0487637362637 19.5178571429 38.3392857143 -14.0357142857 42.3928571429 -126.892857143 0.589285714286 0.5 1.5 -4.0303030303
M 1 105 -0.0185714285714 0.0688644688645 39.0380952381 36.6476190476 0.342857142857 93.1047619048 -3.75238095238 0.8 0.438095238095 -0.891304347826 -1.08333333333
N 1 88 0.0167112299465 0.111451048951 30.2159090909 41.4204545455 3.26136363636 86.3295454545 26.9204545455 0.863636363636 0.454545454545 -2.35 -0.421052631579
O 0 81 -0.00259909031839 0.11396011396 31.5555555556 40.987654321 0.0 94.0740740741 -1.18518518519 0.604938271605 0.691358024691 -2.78571428571 0.0
P 0 72 -0.0963541666667 0.17094017094 23.7916666667 49.6388888889 1.19444444444 84.5 -50.9722222222 0.569444444444 0.583333333333 -4.95238095238 -3.0243902439
Q -1 91 -0.0177917320774 0.0955198647506 34.021978022 39.0989010989 -6.06593406593 66.4395604396 -25.1648351648 0.56043956044 0.736263736264 -2.05970149254 -0.745098039216
R 0 85 -0.0311418685121 0.117647058824 24.8588235294 45.1294117647 -2.27058823529 51.5882352941 -25.2823529412 0.694117647059 0.588235294118 -3.04 -1.33898305085
S 1 84 -0.0223214285714 0.111721611722 19.7619047619 39.1904761905 -1.63095238095 51.7261904762 -16.7261904762 0.52380952381 0.857142857143 -2.90277777778 -1.0
T 1 62 -0.000948766603416 0.212779156328 16.9838709677 65.2096774194 0.0645161290323 153.161290323 -0.258064516129 0.564516129032 0.548387096774 -7.11764705882 -0.685714285714
U 1 81 0.0137981118373 0.121557454891 28.5308641975 43.8518518519 1.59259259259 123.074074074 18.975308642 0.814814814815 0.395061728395 -0.5625 -0.636363636364
V 1 67 -0.0298507462687 0.183122847302 21.8805970149 54.4328358209 -2.74626865672 167.343283582 -30.5074626866 0.850746268657 0.507462686567 -4.94117647059 -1.22807017544
W 1 113 -0.00637168141593 0.153846153846 47.2743362832 47.9646017699 -0.920353982301 251.539823009 -10.6548672566 0.867256637168 0.424778761062 -3.75 -0.816326530612
X 1 74 -0.024024024024 0.102390852391 24.4054054054 50.0135135135 -1.05405405405 47.2972972973 -23.4324324324 0.864864864865 0.72972972973 -2.44444444444 -1.203125
Y 1 58 -0.0325670498084 0.184350132626 19.6896551724 59.4137931034 -2.79310344828 171.448275862 -32.5862068966 0.896551724138 0.620689655172 -6.08333333333 -1.30769230769
Z 1 81 -0.00653594771242 0.117283950617 22.975308642 54.8518518519 -0.864197530864 72.6666666667 -5.62962962963 0.395061728395 0.864197530864 -2.9 0.0625
a 0 67 0.00229621125144 0.0269804822044 15.1044776119 20.6119402985 -0.746268656716 5.01492537313 2.4776119403 0.462686567164 0.686567164179 -0.760869565217 0.322580645161
b 0 70 -0.111224489796 0.0857142857143 20.4142857143 35.7428571429 -7.24285714286 51.9857142857 -107.271428571 0.485714285714 0.571428571429 -1.75 -0.441176470588
c 1 56 0.00274725274725 0.0384615384615 15.5357142857 21.1071428571 0.0357142857143 15.5357142857 0.75 0.517857142857 0.714285714286 -0.8 -0.379310344828
d 0 68 0.0535714285714 0.0780542986425 18.0735294118 34.1470588235 5.39705882353 40.6617647059 72.8088235294 0.75 0.5 -0.941176470588 -0.0980392156863
e 0 67 -0.0426439232409 0.032721010333 15.552238806 18.9701492537 -1.16417910448 13.1044776119 -15.2835820896 0.432835820896 0.686567164179 -0.630434782609 -1.06896551724
f 1 47 -0.0617021276596 0.148936170213 7.34042553191 54.5106382979 2.72340425532 32.8085106383 13.7446808511 0.808510638298 0.468085106383 -4.90909090909 -1.73684210526
g 0 85 -0.00252100840336 -0.062443438914 16.4117647059 38.2823529412 2.23529411765 -18.9411764706 -3.45882352941 0.658823529412 0.552941176471 2.59574468085 -0.964285714286
h 1 72 -0.0384615384615 0.0774572649573 17.8333333333 35.5694444444 -5.84722222222 31.1805555556 -65.3194444444 0.638888888889 0.416666666667 -2.56666666667 0.260869565217
i 1 41 -0.138211382114 0.124765478424 4.58536585366 45.5853658537 -2.09756097561 13.512195122 -30.3902439024 0.585365853659 0.341463414634 -3.0 -0.416666666667
j 1 54 0.0761316872428 0.00641025641026 5.53703703704 57.1296296296 5.16666666667 -1.31481481481 27.9444444444 0.888888888889 0.333333333333 1.66666666667 -0.0625
k 1 65 -0.0781065088757 0.0869822485207 15.8153846154 40.9076923077 -6.12307692308 35.1692307692 -64.4615384615 0.738461538462 0.553846153846 -1.63888888889 -0.9375
l 1 40 -0.158333333333 0.115384615385 4.65 42.5 -2.85 13.95 -39.6 0.575 0.3 -1.83333333333 -0.434782608696
m 1 96 -0.0359375 0.0296474358974 38.8229166667 23.3541666667 -1.75 24.8958333333 -27.1666666667 0.677083333333 0.479166666667 -1.19565217391 0.230769230769
n 1 64 -0.00841346153846 0.0306490384615 17.828125 22.796875 -1.3125 9.59375 -11.46875 0.609375 0.40625 -1.23076923077 0.923076923077
o 0 58 -0.0566502463054 0.0384615384615 17.8275862069 20.6896551724 -0.793103448276 17.8275862069 -19.6551724138 0.534482758621 0.620689655172 -0.694444444444 -0.258064516129
p 0 71 -0.124748490946 -0.0151679306609 20.8169014085 32.4225352113 5.28169014085 -20.1267605634 -97.9577464789 0.478873239437 0.535211267606 0.5 -0.588235294118
q 0 70 -0.0030612244898 -0.0142857142857 16.9 32.8285714286 -4.58571428571 -3.44285714286 37.5571428571 0.642857142857 0.485714285714 0.705882352941 0.0666666666667
r 1 40 -0.1675 0.0692307692308 11.175 27.6 1.1 19.0 -29.95 0.425 0.5 -2.55 -1.17647058824
s 1 64 -0.0372596153846 0.0396634615385 13.296875 20.21875 -0.328125 12.765625 -9.609375 0.4375 0.75 -0.666666666667 -0.321428571429
t 1 43 -0.0129198966408 0.107334525939 6.39534883721 45.4418604651 -3.11627906977 16.1395348837 -11.8604651163 0.883720930233 0.46511627907 -1.7 -0.973684210526
u 1 64 0.00961538461538 0.0456730769231 17.875 23.6875 -1.046875 26.203125 6.796875 0.671875 0.40625 0.692307692308 0.372093023256
v 1 51 -0.0280112044818 0.0987933634992 13.568627451 26.2941176471 -1.54901960784 59.1960784314 -12.3333333333 0.843137254902 0.509803921569 -2.38461538462 -1.13953488372
w 1 84 -0.0285714285714 0.0654761904762 29.5952380952 24.2738095238 -0.75 82.7738095238 -9.89285714286 0.833333333333 0.452380952381 -1.44736842105 -1.38571428571
x 1 53 -0.0269541778976 0.0326560232221 16.1886792453 29.2264150943 0.622641509434 6.84905660377 -5.60377358491 0.849056603774 0.754716981132 -0.6 -1.22222222222
y 1 65 -0.0648351648352 -0.00118343195266 14.2307692308 40.6461538462 4.87692307692 15.8307692308 -67.3692307692 0.846153846154 0.523076923077 0.882352941176 -1.6
z 1 61 -0.0292740046838 0.0365699873897 16.9672131148 29.2131147541 -1.29508196721 14.8032786885 -15.5245901639 0.508196721311 0.885245901639 -0.981481481481 -0.838709677419
0 0 70 -0.0581632653061 0.115384615385 17.4428571429 38.4 -2.44285714286 52.3285714286 -26.5285714286 0.642857142857 0.485714285714 -2.47058823529 -0.511111111111
1 1 45 0.0244444444444 0.125641025641 7.08888888889 41.4 -1.53333333333 29.4888888889 10.5111111111 0.866666666667 0.4 -3.11111111111 -0.179487179487
2 1 69 -0.0383022774327 0.0936454849498 15.6666666667 44.2028985507 -2.20289855072 30.6376811594 -33.5652173913 0.550724637681 0.782608695652 -1.98148148148 -0.842105263158
3 1 69 -0.0590062111801 0.11259754738 16.1304347826 41.2173913043 -2.88405797101 44.2173913043 -42.5072463768 0.565217391304 0.753623188406 -2.92307692308 -0.641025641026
4 0 59 0.0497175141243 0.0919165580183 15.9661016949 33.7796610169 3.4406779661 27.7796610169 64.8983050847 0.728813559322 0.64406779661 -1.55263157895 0.441860465116
5 1 75 -0.0409523809524 0.130769230769 16.1733333333 44.28 -0.413333333333 47.56 -14.4133333333 0.52 0.746666666667 -2.94642857143 -1.10256410256
6 0 74 -0.0482625482625 0.123180873181 16.0810810811 40.0135135135 -1.62162162162 47.1621621622 -15.4054054054 0.513513513514 0.662162162162 -3.28571428571 -0.736842105263
7 1 55 -0.0145454545455 0.193006993007 13.0909090909 61.4545454545 3.52727272727 96.8 9.92727272727 0.709090909091 0.690909090909 -6.44736842105 -1.35897435897
8 -1 71 -0.0573440643863 0.110509209101 16.3521126761 39.6901408451 -2.18309859155 42.661971831 -34.0704225352 0.605633802817 0.676056338028 -2.79166666667 -1.02325581395
9 0 74 -0.042471042471 0.107588357588 16.6486486486 37.7972972973 -1.08108108108 48.0 -22.972972973 0.554054054054 0.702702702703 -2.36538461538 -0.682926829268
& -1 72 -0.0359477124183 0.0742521367521 19.5277777778 36.4861111111 -3.375 8.65277777778 -25.4861111111 0.652777777778 0.75 -1.37037037037 -0.957446808511
( 1 52 -0.0299145299145 0.0192307692308 6.73076923077 56.5 -0.134615384615 3.36538461538 50.3269230769 0.769230769231 0.461538461538 0.0833333333333 -0.45
$ -1 69 -0.0631469979296 0.0685618729097 16.1304347826 37.5507246377 -2.0 28.9275362319 -36.4637681159 0.623188405797 0.753623188406 -1.57692307692 -1.13953488372
. 1 16 0.0 -0.161057692308 4.625 21.1875 0.0 -18.625 0.0 0.4375 0.75 4.41666666667 -0.142857142857
, 1 20 -0.0357142857143 -0.211538461538 4.25 38.5 1.25 -21.75 -9.75 0.75 0.6 5.41666666667 -0.733333333333
! 1 42 -0.00680272108844 0.0970695970696 3.85714285714 42.8095238095 -0.142857142857 8.61904761905 -2.7619047619 0.880952380952 0.428571428571 -0.111111111111 -0.837837837838
? 1 56 -0.0420918367347 0.161401098901 12.0178571429 55.1607142857 -1.69642857143 73.9821428571 -33.9464285714 0.767857142857 0.75 -4.28571428571 -1.04651162791
) 1 52 0.042735042735 0.0192307692308 7.0 56.5 0.192307692308 3.5 -44.4230769231 0.884615384615 0.461538461538 0.0833333333333 -0.173913043478
