A 0 67 -0.0348258706468 0.0542740841248 20.0597014925 27.2537313433 -2.77611940299 -12.8955223881 -35.7014925373 0.626865671642 0.686567164179 -0.565217391304 -1.35714285714
B -1 75 -0.0416666666667 0.106060606061 20.32 31.7733333333 -2.62666666667 44.5733333333 -44.44 0.506666666667 0.72 -2.09259259259 -0.973684210526
C 1 65 0.00769230769231 0.113986013986 21.3846153846 31.2153846154 0.446153846154 54.2 21.5230769231 0.507692307692 0.769230769231 -2.28 -1.69696969697
D 0 72 -0.0616319444444 0.113636363636 21.7638888889 31.5555555556 -2.52777777778 53.7222222222 -52.2777777778 0.555555555556 0.666666666667 -2.22916666667 -1.175
E 1 84 -0.0141369047619 0.109848484848 20.2738095238 32.630952381 -1.69047619048 43.0476190476 -22.6666666667 0.488095238095 0.714285714286 -2.08333333333 -1.0243902439
F 1 73 -0.0667808219178 0.152552926526 18.8767123288 37.5753424658 1.52054794521 72.1506849315 -22.5342465753 0.506849315068 0.698630136986 -3.21568627451 -1.91891891892
G 1 75 0.00833333333333 0.112121212121 20.1866666667 27.8533333333 1.69333333333 50.6 17.1866666667 0.546666666667 0.733333333333 -2.43636363636 -1.26829268293
H 1 79 -0.0158227848101 0.107594936709 19.8481012658 33.582278481 0.126582278481 42.7088607595 -5.08860759494 0.607594936709 0.607594936709 -1.95833333333 -1.27083333333
I 1 60 -0.0153846153846 0.113636363636 14.0666666667 36.5 -0.5 35.1666666667 -3.96666666667 0.4 0.666666666667 -2.25 -0.25
J 1 63 -0.0515873015873 0.120490620491 18.9841269841 32.1746031746 5.5873015873 40.2857142857 23.746031746 0.539682539683 0.603174603175 -2.55263157895 -0.852941176471
K 1 77 -0.025974025974 0.11038961039 21.4805194805 35.7272727273 -2.4025974026 44.2467532468 -16.6363636364 0.61038961039 0.688311688312 -2.18867924528 -1.0
L 1 64 -0.0390625 0.0703125 19.4375 29.484375 -6.40625 19.53125 -56.125 0.59375 0.71875 -1.58695652174 -1.21052631579
M 1 86 -0.00645994832041 0.0893234672304 26.511627907 28.7790697674 0.0697674418605 60.9534883721 0.627906976744 0.686046511628 0.558139534884 -1.0 -1.32203389831
N 1 79 -0.0292721518987 0.168009205984 21.8101265823 39.3924050633 -0.164556962025 81.7341772152 -14.0126582278 0.73417721519 0.556962025316 -3.56818181818 -0.896551724138
O 0 62 -0.0141129032258 0.159090909091 21.064516129 34.435483871 -0.790322580645 73.7258064516 -4.24193548387 0.645161290323 0.709677419355 -3.29545454545 -0.7
P 0 67 -0.0228855721393 0.175033921303 17.1194029851 40.8059701493 1.13432835821 74.7462686567 -17.5820895522 0.507462686567 0.716417910448 -3.5625 -0.970588235294
Q 0 82 0.0213414634146 0.0526607538803 21.3414634146 36.1829268293 -2.58536585366 26.6097560976 6.82926829268 0.658536585366 0.670731707317 -0.945454545455 -0.555555555556
R 0 74 -0.0294117647059 0.144963144963 22.3108108108 37.9459459459 -4.83783783784 54.4054054054 -46.972972973 0.621621621622 0.702702702703 -3.07692307692 -0.630434782609
S 1 73 -0.013698630137 0.153798256538 15.9452054795 34.698630137 2.82191780822 47.4520547945 15.5890410959 0.452054794521 0.753424657534 -3.05454545455 -1.0303030303
T 1 70 0.0 0.198051948052 18.0 44.2714285714 -0.0428571428571 101.928571429 -0.214285714286 0.614285714286 0.628571428571 -3.90909090909 -1.16279069767
U 1 71 -0.0220070422535 0.200384122919 20.7464788732 44.014084507 -2.11267605634 109.661971831 -19.2676056338 0.676056338028 0.56338028169 -4.025 -1.27083333333
V 1 63 -0.0185185185185 0.24025974026 19.8253968254 50.8412698413 -1.95238095238 148.523809524 -21.6666666667 0.730158730159 0.603174603175 -5.63157894737 -1.02173913043
W 1 82 -0.0100430416069 0.19844789357 20.8780487805 42.756097561 -0.451219512195 107.329268293 -5.35365853659 0.707317073171 0.512195121951 -4.92857142857 -0.965517241379
X 1 72 -0.0138888888889 0.159722222222 20.8194444444 42.4583333333 -0.986111111111 72.0972222222 -15.4861111111 0.611111111111 0.722222222222 -3.15384615385 -0.772727272727
Y 1 61 -0.00819672131148 0.201192250373 16.0983606557 48.8852459016 -1.29508196721 101.131147541 -14.4426229508 0.622950819672 0.72131147541 -3.86363636364 -1.02631578947
Z 1 69 -0.0165631469979 0.14558629776 16.0869565217 37.3768115942 -1.52173913043 44.2753623188 -19.6956521739 0.608695652174 0.753623188406 -3.15384615385 -1.09523809524
a 0 56 -0.0297619047619 -0.0284090909091 16.7321428571 17.1964285714 -1.58928571429 -23.125 -3.01785714286 0.464285714286 0.803571428571 0.688888888889 -0.769230769231
b 0 69 -0.0697463768116 0.0474308300395 22.9130434783 26.4927536232 -5.44927536232 33.0434782609 -79.3623188406 0.536231884058 0.695652173913 -0.6875 -1.91891891892
c 1 58 0.0241379310345 -0.00548589341693 19.1206896552 16.224137931 0.431034482759 -2.70689655172 11.9827586207 0.431034482759 0.793103448276 0.239130434783 -0.24
d 0 70 0.0428571428571 0.0525974025974 20.2428571429 27.7 2.82857142857 8.71428571429 53.5142857143 0.6 0.657142857143 -0.5 -0.285714285714
e 0 62 -0.00215053763441 -0.0190615835777 16.6451612903 14.9032258065 -1.33870967742 -8.24193548387 0.887096774194 0.354838709677 0.725806451613 0.577777777778 -0.590909090909
f 1 67 0.0358208955224 0.0773405698779 15.9701492537 32.9552238806 6.05970149254 32.8955223881 50.0597014925 0.537313432836 0.776119402985 -1.36538461538 -0.944444444444
g 0 70 -0.00892857142857 -0.0558441558442 18.5428571429 25.8571428571 0.885714285714 -14.0857142857 9.37142857143 0.6 0.671428571429 0.872340425532 -1.19047619048
h 1 69 -0.0652173913043 0.0316205533597 21.6231884058 28.3768115942 -6.8115942029 18.2028985507 -73.4782608696 0.63768115942 0.579710144928 -0.25 -1.81818181818
i 1 57 -0.0576441102757 0.0311004784689 13.1578947368 29.9473684211 -2.66666666667 -16.6666666667 -24.0 0.59649122807 0.701754385965 -0.225 -1.35294117647
j 1 61 0.068306010929 0.0290611028316 12.0327868852 37.6885245902 1.13114754098 -8.31147540984 19.7868852459 0.655737704918 0.573770491803 -1.08571428571 0.65
k 1 68 -0.0549019607843 0.0427807486631 18.2941176471 28.1764705882 -5.11764705882 15.5588235294 -53.2352941176 0.632352941176 0.647058823529 -0.636363636364 -2.11627906977
l 1 57 -0.0501253132832 0.0462519936204 13.1578947368 34.0701754386 -4.08771929825 -5.73684210526 -46.4385964912 0.59649122807 0.59649122807 0.117647058824 -1.32352941176
m 1 77 -0.025974025974 -0.0206611570248 25.4805194805 17.3896103896 -0.623376623377 -18.0779220779 -11.4025974026 0.61038961039 0.571428571429 0.5 -1.04255319149
n 1 60 -0.0333333333333 -0.0219696969697 20.9666666667 18.55 -1.15 -20.4166666667 -15.25 0.666666666667 0.6 0.611111111111 -0.925
o 0 54 -0.0172839506173 0.0 18.037037037 15.1481481481 0.0 0.0 -5.37037037037 0.5 0.740740740741 0.175 -0.296296296296
p 0 74 -0.0768581081081 -0.039312039312 21.0675675676 30.3243243243 4.89189189189 -17.2162162162 -82.8378378378 0.540540540541 0.702702702703 0.961538461538 -1.9
q 0 74 0.0556438791733 -0.0429975429975 21.7027027027 32.3783783784 -5.01351351351 -13.6891891892 74.7162162162 0.581081081081 0.72972972973 1.16666666667 -0.279069767442
r 1 54 -0.00617283950617 0.0496632996633 17.0555555556 20.7962962963 3.22222222222 24.7777777778 3.07407407407 0.444444444444 0.777777777778 -0.928571428571 -1.66666666667
s 1 58 -0.0172413793103 0.0368338557994 14.4827586207 16.0172413793 2.06896551724 8.03448275862 0.0 0.48275862069 0.810344827586 -0.723404255319 -1.14285714286
t 1 57 0.0152046783626 0.0845295055821 16.4035087719 24.2456140351 -4.21052631579 32.5614035088 -14.0350877193 0.526315789474 0.771929824561 -1.61363636364 -1.6
u 1 60 -0.003125 0.0628787878788 19.85 20.2166666667 -3.55 35.3833333333 -5.45 0.7 0.6 -0.638888888889 -1.09523809524
v 1 53 -0.00221975582686 0.118353344768 17.8490566038 22.0754716981 0.415094339623 76.0 -0.830188679245 0.641509433962 0.679245283019 -2.77777777778 -0.970588235294
w 1 61 -0.0106075216972 0.0789865871833 20.8360655738 20.0655737705 -0.295081967213 59.7704918033 -0.754098360656 0.672131147541 0.622950819672 -2.07894736842 -0.80487804878
x 1 63 -0.0178571428571 0.0382395382395 21.2063492063 19.7619047619 0.285714285714 12.9523809524 -4.79365079365 0.539682539683 0.793650793651 -0.64 -1.17647058824
y 1 68 -0.0689338235294 -0.0180481283422 18.4852941176 35.0147058824 5.94117647059 5.14705882353 -65.4117647059 0.661764705882 0.661764705882 1.04444444444 -1.4
z 1 57 -0.0175438596491 0.0430622009569 15.3157894737 19.6140350877 -0.929824561404 15.0 -2.15789473684 0.421052631579 0.80701754386 -0.804347826087 0.0416666666667
& 0 58 -0.0316091954023 0.0901253918495 12.7586206897 28.224137931 0.172413793103 14.6206896552 2.0 0.51724137931 0.672413793103 -1.94871794872 -1.26666666667
1 1 55 -0.0587412587413 0.095041322314 12.4363636364 35.5818181818 -5.32727272727 14.7090909091 -48.0909090909 0.509090909091 0.581818181818 -0.9375 -1.0
2 1 66 -0.0313852813853 0.106749311295 16.1060606061 35.0151515152 -2.27272727273 29.4545454545 -27.0303030303 0.530303030303 0.848484848485 -2.19642857143 -0.514285714286
3 1 64 -0.0122767857143 0.131392045455 14.296875 37.328125 0.140625 31.484375 -17.140625 0.53125 0.78125 -2.5 -0.617647058824
4 0 54 0.0883190883191 0.0126262626263 13.6296296296 23.9444444444 1.42592592593 -2.46296296296 48.6481481481 0.722222222222 0.592592592593 0.5 0.179487179487
5 1 67 -0.0138592750533 0.0488466757123 14.3731343284 30.3880597015 1.20895522388 4.88059701493 -10.8805970149 0.522388059701 0.761194029851 -0.764705882353 -1.02857142857
6 0 64 0.0552884615385 0.0511363636364 14.125 25.96875 3.0 17.28125 33.28125 0.546875 0.671875 -1.0 -0.514285714286
7 1 52 0.00412087912088 0.131993006993 13.1346153846 36.0961538462 -1.75 70.0961538462 -14.7115384615 0.634615384615 0.653846153846 -3.35294117647 -0.0909090909091
8 -1 64 -0.0132211538462 0.0454545454545 14.390625 26.34375 -0.265625 12.515625 -3.859375 0.5625 0.6875 -0.863636363636 -0.222222222222
9 0 64 -0.0192307692308 0.0461647727273 14.4375 26.734375 2.765625 13.796875 -14.453125 0.53125 0.75 -0.5625 0.0294117647059
0 0 62 -0.0173697270471 0.0454545454545 15.3225806452 24.8709677419 -0.225806451613 15.3225806452 -9.96774193548 0.629032258065 0.516129032258 -0.53125 -0.025641025641
( 1 41 -0.0640243902439 -0.0121951219512 6.46341463415 34.6585365854 1.24390243902 -5.24390243902 12.1219512195 0.780487804878 0.414634146341 -0.0588235294118 -0.875
$ 1 72 -0.00595238095238 0.0214646464646 13.0 32.1111111111 1.56944444444 5.68055555556 -1.01388888889 0.666666666667 0.722222222222 -0.461538461538 -1.1875
. 1 15 -0.0285714285714 -0.218181818182 4.33333333333 27.3333333333 1.4 -20.7333333333 -9.93333333333 0.6 0.8 4.91666666667 -0.444444444444
! 1 38 -0.0451127819549 0.0442583732057 4.78947368421 29.6052631579 -0.710526315789 5.18421052632 -13.4473684211 0.657894736842 0.368421052632 1.0 -0.36
? 1 51 -0.0135746606335 0.0677361853832 11.431372549 25.1764705882 -0.588235294118 35.3333333333 -9.80392156863 0.627450980392 0.78431372549 -1.4 -0.40625
) 1 41 0.0108401084011 -0.0121951219512 6.0 34.6585365854 -0.878048780488 -5.46341463415 -24.3902439024 0.878048780488 0.439024390244 -0.333333333333 -0.527777777778
