A 0 73 0.041095890411 0.0694716242661 26.4794520548 35.8904109589 9.21917808219 -21.9589041096 36.0410958904 0.821917808219 0.575342465753 -1.42857142857 -0.0333333333333
B -1 89 -0.0238764044944 0.120385232745 17.191011236 53.0112359551 -3.96629213483 68.0337078652 -46.2134831461 0.674157303371 0.584269662921 -3.36538461538 -1.33333333333
C 1 76 -0.0730994152047 0.105733082707 25.4736842105 50.0394736842 -0.473684210526 62.3947368421 -24.3157894737 0.684210526316 0.736842105263 -2.85714285714 -2.76923076923
D 0 100 0.0209523809524 0.132857142857 31.8 58.58 -0.3 166.24 -41.04 0.69 0.58 -3.98275862069 0.217391304348
E 1 82 -0.0243902439024 0.103658536585 16.756097561 50.8048780488 -1.01219512195 46.5 7.62195121951 0.536585365854 0.731707317073 -2.96666666667 -1.88636363636
F 1 71 -0.150905432596 0.167002012072 20.1971830986 61.5774647887 -0.380281690141 77.2816901408 -56.2676056338 0.394366197183 0.619718309859 -5.95454545455 -1.92857142857
G 1 92 0.00255754475703 0.0784161490683 22.6956521739 41.5434782609 4.29347826087 31.0760869565 64.1630434783 0.576086956522 0.673913043478 -2.58064516129 -0.622641509434
H 1 92 -0.0679347826087 0.0997670807453 31.0217391304 47.9239130435 -4.52173913043 88.1956521739 -104.739130435 0.652173913043 0.369565217391 -2.20588235294 0.183333333333
I 1 65 -0.0153846153846 0.121428571429 12.6461538462 60.6 2.61538461538 50.0 -6.21538461538 0.630769230769 0.615384615385 -3.575 -0.975609756098
J 1 84 -0.0502645502646 0.142006802721 21.2142857143 58.9761904762 4.15476190476 119.55952381 38.1785714286 0.666666666667 0.619047619048 -4.88461538462 -1.75
K 1 92 -0.113272311213 0.0830745341615 32.7608695652 55.1956521739 -10.9782608696 73.0217391304 -140.434782609 0.663043478261 0.630434782609 -1.68965517241 -2.77049180328
L 1 65 -0.155656108597 0.0263736263736 31.8153846154 39.7538461538 -17.1846153846 67.0923076923 -174.6 0.461538461538 0.492307692308 2.75 -3.4
M 1 105 -0.00701754385965 0.114285714286 36.3238095238 52.3047619048 -0.8 94.7238095238 -22.7428571429 0.819047619048 0.380952380952 -2.925 -0.720930232558
N 1 102 -0.0450980392157 0.093837535014 45.5490196078 38.3137254902 -3.62745098039 153.529411765 -47.0392156863 0.735294117647 0.372549019608 -1.52631578947 0.146666666667
O 0 82 0.032281205165 0.104529616725 25.4756097561 44.6829268293 6.18292682927 82.2073170732 63.743902439 0.719512195122 0.609756097561 -2.6 0.135593220339
P 0 80 -0.0397058823529 0.160714285714 20.75 65.05 6.85 113.625 7.125 0.7 0.575 -6.0 -1.94642857143
Q 0 104 -0.0408653846154 0.0731456043956 32.375 45.1057692308 -0.951923076923 38.9519230769 -7.89423076923 0.663461538462 0.634615384615 -1.4696969697 -1.33333333333
R 0 85 -0.00692041522491 0.125210084034 18.9882352941 51.2470588235 -2.38823529412 68.1764705882 -22.2470588235 0.658823529412 0.694117647059 -3.79661016949 -1.17857142857
S 1 79 0.020253164557 0.0809222423146 17.3670886076 44.0632911392 2.63291139241 42.4810126582 36.5063291139 0.620253164557 0.810126582278 -2.390625 -0.795918367347
T 1 74 0.00307125307125 0.201737451737 28.0675675676 72.4864864865 -2.06756756757 254.5 31.1486486486 0.581081081081 0.621621621622 -7.80434782609 0.302325581395
U 1 85 -0.0221453287197 0.125630252101 29.2 50.8352941176 0.0117647058824 145.894117647 -20.2705882353 0.729411764706 0.423529411765 -1.22222222222 -0.258064516129
V 1 72 0.0168128654971 0.141369047619 27.125 47.4027777778 0.361111111111 191.5 -2.97222222222 0.875 0.5 -3.44444444444 -0.539682539683
W 1 103 -0.00717602363867 0.0970873786408 47.6796116505 39.359223301 4.05825242718 227.961165049 23.2233009709 0.805825242718 0.427184466019 -1.93181818182 -0.771084337349
X 1 73 -0.0239726027397 0.110567514677 29.6575342466 49.6712328767 -7.0 122.342465753 -94.8082191781 0.808219178082 0.739726027397 -3.22222222222 -1.35593220339
Y 1 68 0.0239938080495 0.123424369748 24.1911764706 62.0735294118 7.57352941176 194.426470588 24.0147058824 0.882352941176 0.647058823529 -4.15909090909 -0.266666666667
Z 1 94 -0.0170212765957 0.0828267477204 36.2978723404 50.170212766 -14.2340425532 85.1914893617 -88.2127659574 0.5 0.851063829787 -2.2375 -1.21276595745
a 0 69 -0.0538302277433 -0.175983436853 15.6231884058 45.1594202899 3.68115942029 -82.7536231884 -34.2898550725 0.521739130435 0.739130434783 5.0 -0.75
b 0 80 -0.0441176470588 -0.0870535714286 23.325 40.4375 -5.0375 -28.8125 -57.1375 0.75 0.55 3.77272727273 -2.01666666667
c 1 63 0.0148148148148 -0.175170068027 20.2222222222 44.0476190476 0.920634920635 -100.984126984 -13.873015873 0.587301587302 0.714285714286 5.11111111111 -0.135135135135
d 0 97 0.0950744558992 -0.0798969072165 31.1340206186 59.2268041237 9.73195876289 -48.0 148.639175258 0.731958762887 0.536082474227 4.82692307692 1.69014084507
e 0 70 -0.0330357142857 -0.175510204082 18.8714285714 42.8571428571 2.52857142857 -97.7 -21.8428571429 0.457142857143 0.785714285714 5.25454545455 -0.8125
f 1 81 0.00653594771242 0.06569664903 15.1975308642 60.4320987654 10.7654320988 62.1234567901 80.987654321 0.691358024691 0.567901234568 -2.5 -0.785714285714
g -1 77 0.0108225108225 -0.180890538033 25.8311688312 50.5974025974 -0.181818181818 -145.506493506 21.3766233766 0.714285714286 0.597402597403 3.89130434783 -0.4
h 1 79 -0.0750452079566 -0.102622061483 21.0506329114 45.0253164557 -6.15189873418 -45.2405063291 -39.7974683544 0.746835443038 0.329113924051 3.5 -1.37288135593
i 1 49 -0.112244897959 -0.0473760932945 4.55102040816 48.6734693878 0.714285714286 -10.1428571429 -25.3265306122 0.469387755102 0.408163265306 -0.25 -0.173913043478
j 1 51 0.0767973856209 -0.102941176471 7.82352941176 59.3529411765 -3.11764705882 -50.6078431373 24.6078431373 0.921568627451 0.411764705882 0.52380952381 0.0851063829787
k 1 70 -0.120408163265 -0.105612244898 18.7428571429 44.3 -2.14285714286 -36.9428571429 -58.0 0.628571428571 0.571428571429 4.55 -2.47727272727
l 1 54 -0.0895061728395 0.0178571428571 4.31481481481 60.2037037037 -3.59259259259 5.33333333333 -33.4814814815 0.666666666667 0.185185185185 1.9 -0.638888888889
m 1 93 0.0113186191285 -0.18356374808 35.8279569892 47.5913978495 -1.23655913978 -191.989247312 0.333333333333 0.720430107527 0.408602150538 4.13157894737 0.597014925373
n 1 73 0.00821917808219 -0.158023483366 20.9726027397 43.5205479452 -3.17808219178 -97.9178082192 19.3150684932 0.794520547945 0.438356164384 4.8125 -0.637931034483
o 0 67 0.0149253731343 -0.159381663113 23.8656716418 42.7014925373 2.94029850746 -103.328358209 -22.1641791045 0.597014925373 0.716417910448 4.6875 0.05
p 0 69 -0.0688405797101 -0.109730848861 21.7391304348 35.1014492754 7.0 -60.5362318841 -81.9565217391 0.652173913043 0.550724637681 1.94736842105 -1.91111111111
q -1 76 -0.00928792569659 -0.169172932331 22.7894736842 46.1578947368 -3.01315789474 -124.144736842 43.75 0.671052631579 0.526315789474 3.7 -0.235294117647
r 1 45 -0.121367521368 -0.116666666667 15.8 33.4444444444 9.95555555556 -40.8888888889 -96.1777777778 0.644444444444 0.533333333333 2.625 -2.10344827586
s 1 61 0.0126103404792 -0.161007025761 12.6557377049 44.9672131148 0.950819672131 -54.1639344262 -0.426229508197 0.590163934426 0.852459016393 4.51923076923 -0.555555555556
t 1 67 -0.0149253731343 0.069829424307 10.4179104478 52.8208955224 -4.23880597015 32.8656716418 1.07462686567 0.761194029851 0.507462686567 -2.70588235294 -0.78431372549
u 1 64 -0.029296875 -0.158482142857 26.0 40.0625 0.328125 -102.734375 3.703125 0.75 0.53125 5.35294117647 -0.666666666667
v 1 56 -0.0200892857143 -0.125 18.2857142857 32.0714285714 2.66071428571 -26.875 -20.9821428571 0.892857142857 0.535714285714 3.83333333333 -1.08
w 1 70 -0.0142857142857 -0.138775510204 32.0714285714 33.9428571429 1.04285714286 -76.3571428571 -6.32857142857 0.757142857143 0.514285714286 4.61111111111 -0.698113207547
x 1 57 -0.0274122807018 -0.132832080201 20.2280701754 36.4210526316 -0.59649122807 -65.5087719298 0.105263157895 0.754385964912 0.771929824561 3.95454545455 -1.02325581395
y 1 60 0.00384615384615 -0.141666666667 16.45 37.3 -1.3 -62.2666666667 24.2333333333 0.733333333333 0.383333333333 3.86956521739 0.0
z 1 64 0.0208333333333 -0.145089285714 14.625 38.5625 -3.765625 -61.046875 33.390625 0.484375 0.734375 4.36170212766 -0.677419354839
0 0 61 -0.0421545667447 -0.112412177986 16.0327868852 32.8524590164 7.81967213115 -60.4754098361 -59.3606557377 0.688524590164 0.590163934426 3.52777777778 -0.738095238095
1 1 38 0.143274853801 -0.111842105263 8.02631578947 33.0263157895 -6.02631578947 -23.7105263158 63.0789473684 0.815789473684 0.421052631579 2.3125 0.58064516129
2 1 73 -0.0294520547945 -0.133072407045 23.7671232877 44.4109589041 -4.53424657534 -99.2191780822 23.7945205479 0.602739726027 0.808219178082 4.1186440678 -2.13636363636
3 1 67 -0.0309168443497 -0.0884861407249 14.5820895522 35.3134328358 1.26865671642 -31.2686567164 -20.2537313433 0.582089552239 0.761194029851 2.70588235294 -0.717948717949
4 0 52 0.0461538461538 0.029532967033 13.8846153846 20.3653846154 1.63461538462 10.7884615385 31.5192307692 0.634615384615 0.653846153846 -0.882352941176 -0.0909090909091
5 1 65 -0.0395604395604 0.0384615384615 15.1384615385 28.3384615385 4.69230769231 15.3692307692 -3.15384615385 0.615384615385 0.738461538462 -0.895833333333 -1.4
6 0 53 -0.0770440251572 0.0 10.8490566038 23.2452830189 -0.245283018868 -9.79245283019 -29.4528301887 0.679245283019 0.603773584906 0.8125 -1.75
7 1 54 0.0218855218855 0.0760582010582 9.57407407407 30.2037037037 -0.296296296296 33.4074074074 9.85185185185 0.703703703704 0.481481481481 -2.19230769231 -0.0263157894737
8 -1 59 -0.0247718383312 0.0605326876513 12.3559322034 30.1016949153 1.10169491525 29.3050847458 4.42372881356 0.64406779661 0.71186440678 -1.59523809524 -0.842105263158
9 0 53 0.0660377358491 0.072102425876 12.1509433962 27.5283018868 -1.92452830189 24.1132075472 32.1509433962 0.679245283019 0.603773584906 -2.25 0.194444444444
& 0 67 -0.0830223880597 -0.0106609808102 21.2388059701 25.9402985075 -1.5223880597 -23.552238806 -58.2089552239 0.686567164179 0.65671641791 1.04545454545 -2.10869565217
( 1 56 -0.0767857142857 0.0363520408163 8.33928571429 65.125 -3.30357142857 -0.375 36.0178571429 0.803571428571 0.464285714286 0.192307692308 -1.33333333333
$ 0 63 -0.0357142857143 0.00963718820862 10.7777777778 45.0 3.79365079365 1.09523809524 -8.52380952381 0.793650793651 0.539682539683 0.470588235294 -1.26
. 1 22 -0.0909090909091 -0.215909090909 9.27272727273 44.5909090909 6.81818181818 -58.2727272727 -56.7272727273 0.590909090909 0.818181818182 6.11111111111 -1.07692307692
, 1 24 -0.0729166666667 -0.214285714286 5.91666666667 47.25 7.45833333333 -39.4583333333 -74.5416666667 0.666666666667 0.583333333333 6.21428571429 -0.875
! 1 36 0.0 0.00595238095238 4.11111111111 24.5555555556 1.0 0.0555555555556 -2.0 0.777777777778 0.527777777778 1.26315789474 -0.75
? 0 58 0.0 0.12684729064 7.37931034483 64.8965517241 0.0344827586207 47.9310344828 -2.75862068966 0.689655172414 0.637931034483 -3.02702702703 -0.575
) 1 57 0.0701754385965 0.0438596491228 6.94736842105 67.8245614035 0.59649122807 11.4035087719 -34.1403508772 0.859649122807 0.421052631579 -0.625 0.0612244897959
