A 0 67 -0.0132669983416 0.0453501722158 22.8656716418 28.8208955224 -1.13432835821 -47.9104477612 -5.01492537313 0.805970149254 0.597014925373 -0.475 -1.09259259259
B -1 90 -0.0944444444444 0.114102564103 23.4888888889 43.8111111111 -6.05555555556 64.0777777778 -91.4111111111 0.455555555556 0.622222222222 -2.53571428571 -0.317073170732
C 1 82 -0.00513478818999 0.115384615385 32.1951219512 47.9024390244 -0.292682926829 96.5853658537 32.2195121951 0.548780487805 0.780487804878 -2.859375 -1.2
D 0 84 -0.0885416666667 0.115384615385 26.630952381 43.5714285714 -4.28571428571 79.7142857143 -89.2619047619 0.559523809524 0.52380952381 -2.52272727273 -0.255319148936
E 1 87 -0.0730706075534 0.128205128205 18.3793103448 51.5632183908 -2.67816091954 57.8045977011 -27.4137931034 0.379310344828 0.689655172414 -3.21666666667 -0.757575757576
F 1 71 -0.131790744467 0.19826652221 20.0704225352 57.2112676056 -0.718309859155 82.1267605634 -46.6338028169 0.408450704225 0.591549295775 -6.52380952381 -1.89655172414
G 1 105 -0.00181405895692 0.120879120879 32.7047619048 40.419047619 0.571428571429 102.019047619 -2.0 0.52380952381 0.8 -3.08333333333 -1.29090909091
H 1 89 -0.0118968935889 0.119273984443 32.3370786517 42.3595505618 -0.47191011236 96.7415730337 1.8202247191 0.640449438202 0.426966292135 -3.05263157895 0.80701754386
I 1 40 0.0 0.115384615385 3.5 42.5 0.0 10.5 0.0 0.575 0.2 -1.0 0.478260869565
J 1 53 0.0817610062893 0.066763425254 13.320754717 34.679245283 10.1509433962 25.0188679245 79.3962264151 0.830188679245 0.415094339623 1.45454545455 0.795454545455
K 1 76 -0.069298245614 0.115890688259 22.2763157895 47.8815789474 -4.25 56.7763157895 -18.9342105263 0.697368421053 0.552631578947 -3.28571428571 -0.490566037736
L 1 56 -0.201530612245 0.029532967033 23.4642857143 38.0178571429 -14.0 46.6785714286 -135.071428571 0.482142857143 0.464285714286 2.84615384615 -2.7037037037
M 1 103 -0.00379907133812 0.075429424944 46.3786407767 31.6893203883 0.0 53.4757281553 -0.757281553398 0.902912621359 0.427184466019 -0.909090909091 -0.591397849462
N 1 91 -0.0291208791209 0.119188503804 49.5934065934 38.8351648352 0.978021978022 156.384615385 -2.8021978022 0.736263736264 0.461538461538 -2.59523809524 0.641791044776
O 0 90 -0.00846560846561 0.115384615385 38.2666666667 44.1333333333 -0.533333333333 114.8 -7.55555555556 0.633333333333 0.711111111111 -2.796875 -0.228070175439
P 0 69 -0.109178743961 0.184503901895 22.2463768116 52.2463768116 -0.202898550725 90.5507246377 -54.9275362319 0.449275362319 0.579710144928 -5.825 -1.16129032258
Q 0 98 0.0150631681244 0.0977237048666 39.0510204082 42.1734693878 -2.5306122449 85.6734693878 6.38775510204 0.642857142857 0.714285714286 -2.27142857143 0.269841269841
R 0 85 -0.0963235294118 0.12443438914 24.7176470588 45.8235294118 -6.95294117647 63.1411764706 -73.2117647059 0.576470588235 0.564705882353 -3.70833333333 -0.632653061224
S 1 73 -0.0185909980431 0.105900948367 15.3561643836 41.2465753425 -0.27397260274 31.7534246575 -10.7671232877 0.657534246575 0.767123287671 -2.73214285714 -1.10416666667
T 1 55 -0.0519480519481 0.2 10.8 65.1272727273 -2.56363636364 90.1636363636 -34.8909090909 0.727272727273 0.545454545455 -7.06666666667 -1.675
U 1 81 -0.0203340595497 0.122032288699 29.4567901235 43.7407407407 -0.259259259259 136.037037037 -3.66666666667 0.740740740741 0.395061728395 -0.1875 0.0666666666667
V 1 64 -0.0269097222222 0.177884615385 22.609375 48.75 -2.375 175.4375 -24.125 0.921875 0.53125 -4.67647058824 -1.22033898305
W 1 106 -0.021770682148 0.154571843251 48.7735849057 43.9433962264 -2.30188679245 291.075471698 -23.8113207547 0.896226415094 0.471698113208 -3.82 -1.16842105263
X 1 69 -0.0135265700483 0.109810479376 15.768115942 51.347826087 -1.30434782609 34.231884058 -13.9130434783 0.898550724638 0.63768115942 -2.38636363636 -1.03225806452
Y 1 58 0.0121703853955 0.192970822281 18.3103448276 59.1896551724 1.63793103448 165.120689655 17.775862069 0.896551724138 0.586206896552 -5.73529411765 -0.519230769231
Z 1 78 0.00301659125189 0.100591715976 18.5897435897 55.5897435897 -0.25641025641 35.0 1.07692307692 0.602564102564 0.871794871795 -2.48529411765 -1.12765957447
a 0 61 0.0 0.00252206809584 13.3442622951 18.0327868852 -1.06557377049 -9.22950819672 -0.704918032787 0.524590163934 0.688524590164 0.0238095238095 -0.28125
b 0 71 -0.0854460093897 0.069880823402 22.4366197183 33.2253521127 -7.47887323944 50.8873239437 -100.436619718 0.521126760563 0.56338028169 -0.6 -0.108108108108
c 1 56 0.00824175824176 0.0192307692308 14.9642857143 19.3571428571 0.0535714285714 7.48214285714 8.83928571429 0.571428571429 0.714285714286 -0.3 -0.5625
d 0 75 0.0408888888889 0.0764102564103 19.2533333333 34.36 7.05333333333 44.0133333333 82.9733333333 0.64 0.56 -1.35714285714 0.583333333333
e 0 62 -0.0299539170507 0.0105459057072 14.7419354839 16.5322580645 -0.145161290323 2.14516129032 -7.72580645161 0.451612903226 0.709677419355 0.0 -0.964285714286
f 1 45 -0.122222222222 0.141025641026 7.24444444444 47.9777777778 2.08888888889 23.0222222222 0.355555555556 0.577777777778 0.444444444444 -5.2 -0.846153846154
g 0 84 -0.00680272108844 -0.0741758241758 16.8095238095 38.7619047619 0.52380952381 -17.9523809524 -2.0 0.607142857143 0.595238095238 3.04 -0.294117647059
h 1 69 -0.0546265328874 0.0663322185061 18.0724637681 33.115942029 -7.26086956522 28.5652173913 -71.0869565217 0.652173913043 0.376811594203 -1.23076923077 -0.0444444444444
i 1 38 -0.162280701754 0.0951417004049 4.55263157895 35.8947368421 -2.23684210526 11.8684210526 -33.7631578947 0.526315789474 0.263157894737 -2.3 -0.4
j 1 46 -0.0217391304348 0.0392976588629 4.39130434783 44.5869565217 3.08695652174 -0.95652173913 -8.78260869565 0.913043478261 0.391304347826 -0.777777777778 -1.02380952381
k 1 65 -0.0994082840237 0.0733727810651 15.4153846154 36.0 -7.61538461538 30.2615384615 -76.3230769231 0.676923076923 0.553846153846 -0.944444444444 -1.15909090909
l 1 40 0.0 0.115384615385 3.5 42.5 0.0 10.5 0.0 0.575 0.2 -1.0 0.478260869565
m 1 90 -0.00877192982456 0.0145299145299 34.0555555556 19.5111111111 -1.88888888889 3.0 -7.24444444444 0.688888888889 0.4 -1.05555555556 0.564516129032
n 1 60 -0.0141025641026 0.0121794871795 17.65 19.6833333333 -1.38333333333 -0.483333333333 -6.95 0.666666666667 0.433333333333 -0.653846153846 0.425
o 0 60 -0.0395833333333 0.0192307692308 19.9 18.3666666667 -0.316666666667 9.95 -11.9166666667 0.633333333333 0.733333333333 -0.318181818182 -0.894736842105
p 0 71 -0.0854460093897 -0.0314192849404 22.4366197183 30.5915492958 6.19718309859 -28.4507042254 -86.7605633803 0.521126760563 0.56338028169 0.375 -0.108108108108
q 0 74 0.0376447876448 -0.0322245322245 18.8513513514 29.3783783784 -5.33783783784 -17.8243243243 57.4189189189 0.621621621622 0.540540540541 0.725 0.434782608696
r 1 35 -0.126984126984 0.0516483516484 8.0 22.4857142857 2.37142857143 12.5428571429 -13.2285714286 0.514285714286 0.457142857143 -2.3125 -0.611111111111
s 1 49 -0.00185528756957 0.0125588697017 9.16326530612 17.387755102 0.816326530612 -1.71428571429 -2.85714285714 0.65306122449 0.734693877551 0.0555555555556 -0.78125
t 1 36 -0.194444444444 0.0662393162393 7.77777777778 26.8333333333 -1.0 14.7777777778 -39.5555555556 0.555555555556 0.388888888889 -2.42857142857 -1.2
u 1 57 -0.0107962213225 0.0384615384615 16.4912280702 19.6315789474 0.736842105263 29.0175438596 -1.12280701754 0.754385964912 0.456140350877 0.653846153846 0.0
v 1 43 -0.031561461794 0.08228980322 14.1162790698 19.3953488372 -1.27906976744 56.8139534884 -8.67441860465 0.906976744186 0.604651162791 -2.11538461538 -1.12820512821
w 1 71 -0.0320102432778 0.0644637053088 34.9014084507 18.6338028169 -0.211267605634 106.830985915 -6.66197183099 0.887323943662 0.591549295775 -1.61904761905 -1.42857142857
x 1 51 -0.0448179271709 0.0135746606335 15.4117647059 24.9803921569 -0.941176470588 -2.39215686275 -19.4117647059 0.843137254902 0.745098039216 0.0526315789474 -1.32558139535
y 1 59 -0.0653753026634 -0.026075619296 13.3559322034 36.1355932203 4.61016949153 18.2372881356 -62.5762711864 0.898305084746 0.508474576271 0.733333333333 -1.66037735849
z 1 54 0.0242165242165 0.0121082621083 12.2407407407 25.9074074074 0.296296296296 0.407407407407 7.7037037037 0.611111111111 0.851851851852 -0.0869565217391 -0.757575757576
& 0 81 0.000726216412491 0.0769230769231 20.1111111111 37.4320987654 -1.27160493827 11.1728395062 17.1481481481 0.691358024691 0.716049382716 -1.5 -0.553571428571
1 1 42 0.0714285714286 0.114468864469 4.5 45.0714285714 0.738095238095 12.0238095238 14.4523809524 0.904761904762 0.380952380952 -3.3125 -0.315789473684
2 1 79 -0.0158227848101 0.0744888023369 17.3164556962 41.8607594937 -0.708860759494 24.1012658228 -5.69620253165 0.645569620253 0.822784810127 -1.41538461538 -1.41176470588
3 1 70 -0.0173469387755 0.0994505494505 15.2714285714 40.6714285714 -0.757142857143 30.9285714286 -18.0142857143 0.728571428571 0.714285714286 -2.6 -0.725490196078
4 0 62 0.0846774193548 0.0446650124069 19.2580645161 29.2580645161 7.6935483871 17.5 92.1129032258 0.774193548387 0.58064516129 0.138888888889 0.75
5 1 84 -0.0357142857143 0.0952380952381 18.5238095238 41.0476190476 -2.08333333333 36.8214285714 -23.7976190476 0.654761904762 0.738095238095 -2.12903225806 -1.67272727273
6 0 68 -0.0303308823529 0.033371040724 18.5735294118 30.6911764706 -0.0147058823529 -0.632352941176 -8.30882352941 0.779411764706 0.676470588235 -0.347826086957 -1.20754716981
7 1 58 0.0126436781609 0.16976127321 13.7413793103 56.6206896552 3.3275862069 94.8448275862 -6.98275862069 0.724137931034 0.689655172414 -5.125 -0.333333333333
8 -1 74 -0.0357142857143 0.0592515592516 15.8513513514 34.5135135135 -0.810810810811 16.4324324324 -16.4864864865 0.716216216216 0.621621621622 -1.47826086957 -1.0
9 0 69 -0.0344202898551 0.117614269788 18.2608695652 39.2608695652 -1.10144927536 74.2608695652 -22.7246376812 0.724637681159 0.695652173913 -3.08333333333 -0.96
0 0 72 -0.0269097222222 0.0758547008547 20.8194444444 34.3055555556 -0.777777777778 40.7222222222 -16.0277777778 0.819444444444 0.611111111111 -1.61363636364 -1.1186440678
( 1 52 -0.110576923077 0.0192307692308 5.65384615385 56.5 -1.03846153846 2.11538461538 -3.76923076923 0.769230769231 0.346153846154 1.44444444444 -1.2
$ -1 78 0.0017094017094 0.0483234714004 14.5384615385 36.7692307692 -0.205128205128 7.46153846154 -2.23076923077 0.769230769231 0.641025641026 -0.82 -0.8
. 1 13 -0.032967032967 -0.204142011834 3.61538461538 31.3076923077 1.61538461538 -19.1538461538 -11.4615384615 0.615384615385 0.923076923077 5.33333333333 -0.75
! 1 40 -0.00416666666667 0.0769230769231 3.625 37.5 0.125 6.375 -0.625 0.975 0.25 0.9 -0.948717948718
? 1 53 -0.0148247978437 0.121915820029 10.5094339623 45.2075471698 0.433962264151 55.9056603774 -8.50943396226 0.849056603774 0.754716981132 -4.125 -1.04444444444
) 1 52 0.00274725274725 0.0192307692308 4.75 56.5 0.403846153846 3.13461538462 -45.0192307692 0.807692307692 0.307692307692 0.4375 -0.357142857143
