A 0 76 -0.0173130193906 0.0136452241715 24.0921052632 37.2631578947 -0.723684210526 -75.9605263158 -11.8026315789 0.763157894737 0.552631578947 0.833333333333 -1.01724137931
B -1 93 -0.0913978494624 0.0732775786539 24.7741935484 45.9139784946 -3.23655913978 46.8494623656 -80.1182795699 0.397849462366 0.623655913978 -1.56896551724 0.594594594595
C 1 77 -0.012987012987 0.0702260702261 29.2337662338 46.0779220779 -1.31168831169 52.012987013 23.3376623377 0.61038961039 0.805194805195 -1.85483870968 -1.53191489362
D 0 94 -0.0910165484634 0.0740740740741 33.2553191489 45.829787234 -3.27659574468 66.5106382979 -113.276595745 0.478723404255 0.553191489362 -1.59615384615 0.622222222222
E 1 94 -0.0283687943262 0.0740740740741 21.6595744681 50.5106382979 -0.670212765957 43.7765957447 -3.13829787234 0.223404255319 0.702127659574 -1.81818181818 -0.047619047619
F 1 77 -0.0822510822511 0.13949013949 22.5324675325 52.961038961 4.28571428571 78.5194805195 -37.6623376623 0.298701298701 0.623376623377 -4.6875 -1.52173913043
G 1 94 0.03359462486 0.0709219858156 30.0212765957 40.0 0.893617021277 56.085106383 33.0425531915 0.585106382979 0.765957446809 -1.90277777778 -0.709090909091
H 1 98 0.00600240096038 0.0740740740741 34.1428571429 45.3265306122 0.204081632653 68.2857142857 -0.897959183673 0.622448979592 0.408163265306 -1.275 1.4262295082
I 1 46 -0.0833333333333 0.0740740740741 5.63043478261 48.0 -1.0 11.2608695652 -24.0 0.54347826087 0.217391304348 -0.2 0.36
J 1 52 0.15034965035 0.0448717948718 11.6538461538 44.75 9.55769230769 16.5576923077 75.9038461538 0.807692307692 0.423076923077 1.95454545455 1.28571428571
K 1 88 -0.0862299465241 0.0732323232323 27.1704545455 52.1590909091 -4.46590909091 42.8977272727 -39.1931818182 0.693181818182 0.568181818182 -1.74 -0.737704918033
L 1 61 -0.186182669789 0.00121432908318 22.9672131148 45.868852459 -11.7049180328 17.9344262295 -129.901639344 0.377049180328 0.459016393443 3.42857142857 -2.5652173913
M 1 126 -0.00793650793651 0.0464432686655 45.4841269841 39.9523809524 -0.166666666667 74.8650793651 -4.24603174603 0.730158730159 0.365079365079 -0.673913043478 0.804347826087
N 1 101 0.0 0.0766409974331 33.3069306931 41.6732673267 1.24752475248 67.6831683168 0.693069306931 0.712871287129 0.356435643564 -1.55555555556 1.18055555556
O 0 86 -0.0197674418605 0.0740740740741 33.6046511628 42.3488372093 -0.790697674419 67.2093023256 -18.511627907 0.686046511628 0.651162790698 -1.73214285714 -0.830508474576
P 0 75 -0.0915555555556 0.130864197531 23.16 50.0666666667 2.8 73.84 -63.52 0.44 0.56 -3.92857142857 -0.0909090909091
Q 0 97 0.00412371134021 0.0462008400153 34.2680412371 41.5773195876 -4.45360824742 26.3505154639 15.7525773196 0.690721649485 0.649484536082 -1.01587301587 -0.432835820896
R 0 93 -0.067678684377 0.0704898446834 26.4193548387 47.2365591398 -5.38709677419 29.8817204301 -59.8387096774 0.548387096774 0.559139784946 -2.03846153846 0.0980392156863
S 1 80 0.0191666666667 0.0680555555556 18.5625 44.3875 1.3875 29.0875 13.1375 0.5625 0.8 -1.6875 -0.533333333333
T 1 71 0.00370644922165 0.178925404278 20.2957746479 67.338028169 -0.478873239437 181.211267606 3.35211267606 0.549295774648 0.535211267606 -7.02631578947 -0.589743589744
U 1 90 0.000653594771242 0.083950617284 32.9222222222 46.2222222222 0.0888888888889 112.644444444 0.711111111111 0.677777777778 0.4 0.694444444444 0.868852459016
V 1 75 -0.0147368421053 0.135308641975 24.7066666667 50.5066666667 -0.266666666667 176.986666667 -7.57333333333 0.88 0.48 -3.77777777778 -0.939393939394
W 1 120 0.00233333333333 0.115432098765 46.3416666667 46.15 -0.458333333333 228.958333333 -5.79166666667 0.883333333333 0.4 -2.6875 -0.433962264151
X 1 82 0.00513478818999 0.076332429991 29.0975609756 56.5243902439 0.90243902439 56.6829268293 4.75609756098 0.841463414634 0.756097560976 -1.90322580645 -0.492753623188
Y 1 62 -0.0286738351254 0.145758661888 19.8709677419 60.2580645161 -2.03225806452 162.806451613 -30.3870967742 0.903225806452 0.548387096774 -5.79411764706 -1.25
Z 1 85 -0.0150326797386 0.0697167755991 22.7882352941 58.6823529412 -2.04705882353 30.9411764706 -20.0941176471 0.458823529412 0.835294117647 -1.53521126761 -1.76923076923
a 0 65 -0.0252747252747 -0.0683760683761 15.0923076923 26.0615384615 -0.738461538462 -38.9538461538 0.676923076923 0.553846153846 0.661538461538 2.16279069767 -0.972222222222
b 0 80 -0.0891666666667 0.0115740740741 22.9875 40.3125 -6.475 13.625 -107.125 0.475 0.525 0.809523809524 0.105263157895
c 1 58 -0.0172413793103 -0.0555555555556 17.8103448276 25.1206896552 0.327586206897 -27.5 1.18965517241 0.551724137931 0.793103448276 1.78260869565 -0.90625
d 0 79 0.0894514767932 0.014064697609 23.2911392405 40.5063291139 6.69620253165 14.1139240506 107.860759494 0.658227848101 0.53164556962 0.761904761905 1.28846153846
e 0 67 0.00995024875622 -0.0558319513543 17.5820895522 23.6268656716 -0.985074626866 -29.7313432836 7.37313432836 0.462686567164 0.761194029851 2.0 -0.193548387097
f 1 57 -0.0229419703104 0.087069525666 10.0175438596 51.1929824561 6.63157894737 33.6842105263 21.5438596491 0.754385964912 0.59649122807 -4.47058823529 -1.90697674419
g -1 81 0.0123456790123 -0.115683584819 18.1851851852 43.8888888889 0.666666666667 -64.5185185185 17.3086419753 0.62962962963 0.666666666667 3.22222222222 -1.27450980392
h 1 82 -0.0949477351916 0.00316169828365 22.1097560976 40.9390243902 -7.35365853659 5.93902439024 -93.3780487805 0.634146341463 0.390243902439 -0.03125 -0.480769230769
i 1 46 0.0590062111801 0.0378421900161 5.28260869565 44.5869565217 -0.0652173913043 3.89130434783 17.9347826087 0.934782608696 0.391304347826 -2.83333333333 -0.558139534884
j 1 53 0.11320754717 -0.0272536687631 7.39622641509 58.6226415094 3.0 -10.1698113208 30.9622641509 0.924528301887 0.415094339623 0.181818181818 0.204081632653
k 1 76 -0.143796992481 0.0126705653021 20.4605263158 44.6578947368 -6.68421052632 14.9473684211 -103.315789474 0.644736842105 0.5 0.868421052632 -1.34693877551
l 1 48 -0.0833333333333 0.0555555555556 5.66666666667 49.25 -0.75 8.5 -25.0833333333 0.541666666667 0.208333333333 0.4 0.307692307692
m 1 100 -0.034 -0.062962962963 39.88 28.02 -0.26 -73.18 -20.64 0.68 0.46 1.21739130435 0.308823529412
n 1 70 -0.0561224489796 -0.062962962963 21.1285714286 28.7 -0.0857142857143 -41.1428571429 -20.4 0.6 0.4 1.39285714286 0.214285714286
o 0 62 -0.0524193548387 -0.0555555555556 20.7096774194 23.9838709677 1.25806451613 -31.064516129 -21.0 0.612903225806 0.677419354839 1.7380952381 -0.894736842105
p 0 75 -0.08 -0.0567901234568 22.9866666667 35.5066666667 6.0 -43.04 -93.28 0.48 0.506666666667 1.44736842105 0.166666666667
q 0 75 0.0764444444444 -0.0567901234568 22.9866666667 35.5066666667 -5.81333333333 -42.24 91.8133333333 0.64 0.56 1.7380952381 1.10416666667
r 1 42 -0.166666666667 0.0114638447972 11.6666666667 26.8333333333 4.14285714286 3.7619047619 -40.1428571429 0.47619047619 0.47619047619 -0.9 -1.2
s 1 59 -0.0437853107345 -0.0225988700565 12.4576271186 23.0847457627 1.57627118644 -9.33898305085 -12.9322033898 0.474576271186 0.796610169492 0.702127659574 -0.678571428571
t 1 51 -0.043137254902 0.037037037037 9.09803921569 38.137254902 -2.6862745098 10.7647058824 -13.9411764706 0.686274509804 0.509803921569 -0.423076923077 -1.74285714286
u 1 68 0.0362745098039 -0.0136165577342 21.75 25.4852941176 -1.5 -0.647058823529 23.6764705882 0.808823529412 0.470588235294 1.71875 -0.654545454545
v 1 54 -0.00246913580247 0.042524005487 16.1481481481 23.5925925926 0.148148148148 51.8148148148 0.37037037037 0.87037037037 0.518518518519 -0.928571428571 -0.659574468085
w 1 86 0.0 0.0163652024117 33.2325581395 23.3720930233 -0.43023255814 57.6162790698 -1.5 0.860465116279 0.46511627907 -0.125 -0.472972972973
x 1 59 -0.00338983050847 -0.0207156308851 19.1694915254 32.3559322034 0.0847457627119 -9.64406779661 -0.28813559322 0.847457627119 0.779661016949 0.630434782609 -0.54
y 1 65 -0.0338461538462 -0.034188034188 16.0461538462 41.2307692308 5.84615384615 14.6461538462 -65.2923076923 0.876923076923 0.553846153846 1.88888888889 -1.08771929825
z 1 62 -0.0172811059908 -0.0256869772999 15.435483871 31.2096774194 0.290322580645 -15.9032258065 -7.64516129032 0.516129032258 0.838709677419 0.865384615385 -1.3125
& -1 91 -0.0266049739734 0.037444037444 24.5274725275 38.0659340659 -4.21978021978 -12.1318681319 -28.5274725275 0.659340659341 0.703296703297 -0.28125 -1.13333333333
1 1 55 0.128925619835 0.124579124579 10.2181818182 57.9454545455 -0.545454545455 37.5272727273 58.2909090909 0.8 0.4 -5.04545454545 0.818181818182
2 1 79 -0.000744601638124 0.0412564463197 19.6835443038 46.7848101266 0.227848101266 7.49367088608 0.101265822785 0.582278481013 0.860759493671 -0.661764705882 -1.36956521739
3 1 81 0.041975308642 0.0763603109282 18.0864197531 44.1358024691 1.14814814815 33.6172839506 19.0740740741 0.58024691358 0.79012345679 -2.125 0.191489361702
4 0 71 0.027386541471 0.0093896713615 19.5915492958 32.0 2.15492957746 -14.0422535211 53.0 0.718309859155 0.647887323944 0.804347826087 -0.294117647059
5 1 88 -0.0227272727273 0.0530303030303 19.4090909091 42.75 0.272727272727 22.9772727273 -7.81818181818 0.488636363636 0.772727272727 -1.32352941176 -0.697674418605
6 0 83 0.00722891566265 0.045515394913 19.578313253 38.2409638554 1.67469879518 18.6626506024 19.0722891566 0.55421686747 0.722891566265 -1.55 -0.0434782608696
7 1 64 -0.041015625 0.121527777778 16.3125 56.65625 1.171875 97.328125 -53.359375 0.609375 0.65625 -4.33333333333 -0.897435897436
8 -1 86 -0.0174418604651 0.037037037037 20.3488372093 39.6046511628 -0.0581395348837 14.6395348837 -14.8720930233 0.604651162791 0.720930232558 -0.790322580645 -1.03846153846
9 0 84 0.0134920634921 0.0321869488536 19.4880952381 37.8928571429 1.08333333333 18.630952381 -2.63095238095 0.595238095238 0.690476190476 -0.155172413793 0.1
0 0 80 -0.01484375 0.037037037037 22.7625 37.725 -0.2375 22.7625 -5.4875 0.7125 0.525 -0.547619047619 -0.526315789474
( 1 54 -0.059670781893 -0.00137174211248 7.09259259259 59.7407407407 1.31481481481 -3.75925925926 37.8333333333 0.722222222222 0.407407407407 0.181818181818 -0.666666666667
$ 1 79 -0.0227848101266 0.0360993905298 17.0759493671 44.6962025316 -0.316455696203 10.164556962 -15.1772151899 0.620253164557 0.784810126582 -0.548387096774 -0.551020408163
. 1 17 0.0252100840336 -0.250544662309 4.88235294118 50.2941176471 -0.823529411765 -32.8235294118 4.47058823529 0.529411764706 0.705882352941 7.0 0.0
! 1 46 -0.0621118012422 0.037037037037 5.34782608696 45.0 -0.826086956522 6.4347826087 -20.6956521739 0.608695652174 0.347826086957 2.1875 0.0
? 1 62 -0.0299539170507 0.0854241338112 13.3548387097 44.2419354839 -0.0483870967742 56.4032258065 -15.4032258065 0.741935483871 0.645161290323 -2.775 -0.847826086957
) 1 54 0.0637860082305 -0.00137174211248 6.94444444444 59.7407407407 -1.61111111111 -2.24074074074 -35.1296296296 0.888888888889 0.407407407407 0.272727272727 -0.0416666666667
