A 0 68 -0.0030959752322 -0.0729166666667 20.2647058824 27.9852941176 -0.191176470588 -92.75 1.13235294118 0.794117647059 0.647058823529 -0.25 -1.07407407407
B -1 85 -0.0492647058824 -0.00245098039216 21.2352941176 32.7647058824 -0.482352941176 -3.82352941176 -41.2352941176 0.682352941176 0.658823529412 -2.71428571429 -1.77586206897
C 1 73 -0.0145044319098 -0.00171232876712 25.2876712329 35.3561643836 -0.493150684932 -5.09589041096 29.2328767123 0.479452054795 0.739726027397 -2.64814814815 -0.914285714286
D 0 87 -0.0593869731801 -0.00287356321839 28.7931034483 33.4712643678 -0.114942528736 -0.528735632184 -62.4597701149 0.712643678161 0.597701149425 -2.61538461538 -2.06451612903
E 1 83 -0.00883534136546 -0.00803212851406 17.6987951807 35.1807228916 -1.26506024096 -9.02409638554 -2.5421686747 0.626506024096 0.722891566265 -2.81666666667 -1.73076923077
F 1 67 -0.073631840796 0.0547263681592 16.7462686567 32.2686567164 4.37313432836 20.7014925373 -44.1044776119 0.686567164179 0.716417910448 -4.66666666667 -2.54347826087
G 1 81 0.0159767610748 -0.00257201646091 26.024691358 31.5925925926 -0.333333333333 -3.22222222222 25.5925925926 0.530864197531 0.716049382716 -3.10344827586 -0.139534883721
H 1 87 0.00338066260987 0.00095785440613 26.4022988506 31.6781609195 0.0 0.206896551724 -0.965517241379 0.758620689655 0.551724137931 -2.60416666667 -0.772727272727
I 1 42 -0.0386904761905 0.0 5.16666666667 34.8571428571 0.0 0.0 -16.0 0.809523809524 0.52380952381 -2.54545454545 -1.14705882353
J 1 46 0.0375494071146 -0.0153985507246 8.80434782609 33.2391304348 6.4347826087 -6.78260869565 1.17391304348 0.760869565217 0.478260869565 -1.77272727273 -0.0285714285714
K 1 80 -0.0895833333333 0.00208333333333 26.9875 34.55 -1.0375 -8.1125 -37.4875 0.825 0.675 -2.5 -2.54545454545
L 1 60 -0.0922222222222 -0.0770833333333 19.75 37.5166666667 -7.0 -36.9 -39.6 0.733333333333 0.566666666667 0.0882352941176 -2.63636363636
M 1 109 -0.00436871996505 -0.0271406727829 40.3119266055 27.3302752294 0.788990825688 -10.8623853211 -0.0366972477064 0.853211009174 0.477064220183 -1.80769230769 -0.817204301075
N 1 87 -0.0504469987229 0.022030651341 29.4367816092 28.2068965517 2.86206896552 12.2413793103 -28.7931034483 0.862068965517 0.551724137931 -3.35416666667 -1.62666666667
O 0 80 -0.0326388888889 0.0 28.6875 30.375 0.0375 0.5625 -17.0875 0.5875 0.65 -2.75 -0.31914893617
P 0 64 -0.0959821428571 0.0423177083333 17.0 29.703125 3.15625 14.34375 -62.375 0.71875 0.625 -3.775 -2.45652173913
Q 0 88 0.000631313131313 0.0392992424242 29.4886363636 39.4659090909 -6.34090909091 18.9090909091 30.9772727273 0.625 0.681818181818 -1.31666666667 0.145454545455
R 1 82 -0.0559540889527 -0.00406504065041 21.2926829268 32.4390243902 -2.5487804878 -17.2073170732 -32.0365853659 0.768292682927 0.646341463415 -2.60377358491 -1.87301587302
S 1 73 0.0115911485774 -0.00456621004566 14.6438356164 31.7808219178 1.75342465753 -5.23287671233 4.79452054795 0.506849315068 0.767123287671 -3.03571428571 -0.189189189189
T 1 67 0.00331674958541 0.0839552238806 18.9552238806 37.0 0.134328358209 88.6417910448 -0.373134328358 0.731343283582 0.626865671642 -5.30952380952 -1.10204081633
U 1 78 -0.0320512820513 0.0186965811966 29.1153846154 31.6282051282 0.679487179487 48.2179487179 -18.4487179487 0.794871794872 0.487179487179 -2.05263157895 -1.43548387097
V 1 62 0.0203735144312 0.0873655913978 22.0322580645 28.7096774194 0.0967741935484 106.64516129 4.54838709677 0.887096774194 0.612903225806 -5.52631578947 -0.363636363636
X 1 76 -0.0599415204678 -0.00767543859649 24.1315789474 37.8947368421 0.315789473684 -23.7631578947 -41.1578947368 0.736842105263 0.763157894737 -2.91379310345 -1.39285714286
Y 1 62 0.00169779286927 0.0645161290323 19.5806451613 35.5806451613 -0.403225806452 98.3387096774 -3.46774193548 0.790322580645 0.709677419355 -4.52272727273 -0.69387755102
Z 1 74 -0.0162162162162 -0.0135135135135 17.1081081081 39.1891891892 -2.21621621622 -12.4864864865 -9.89189189189 0.621621621622 0.810810810811 -2.7 -0.782608695652
a 1 55 -0.0151515151515 -0.00454545454545 10.5818181818 17.7818181818 0.127272727273 -8.92727272727 -0.818181818182 0.709090909091 0.654545454545 0.305555555556 -0.769230769231
b 0 67 -0.0767590618337 -0.0186567164179 16.2686567164 28.1791044776 -5.07462686567 6.4776119403 -54.5373134328 0.791044776119 0.507462686567 -0.705882352941 -2.28301886792
c 1 49 0.0 0.00510204081633 12.2040816327 20.0816326531 0.448979591837 3.67346938776 12.2448979592 0.551020408163 0.734693877551 0.0555555555556 -1.37037037037
d 0 70 0.0122448979592 -0.0255952380952 14.5714285714 28.9 3.1 -15.5857142857 28.6428571429 0.757142857143 0.514285714286 -0.277777777778 -0.396226415094
e 1 51 -0.078431372549 -0.00408496732026 12.1176470588 17.9803921569 -0.392156862745 -0.235294117647 -13.5294117647 0.509803921569 0.725490196078 0.378378378378 -1.11538461538
f 1 46 -0.1 0.0271739130435 7.78260869565 37.1739130435 4.54347826087 2.89130434783 -13.7608695652 0.782608695652 0.608695652174 -2.92857142857 -2.16666666667
g 0 79 -0.0235081374322 0.0385021097046 14.1772151899 30.3164556962 1.22784810127 4.67088607595 -5.37974683544 0.658227848101 0.658227848101 2.84615384615 -1.53846153846
i 1 39 -0.029304029304 -0.00961538461538 4.35897435897 31.3076923077 -1.12820512821 -2.5641025641 -7.28205128205 0.769230769231 0.461538461538 -1.38888888889 -0.7
j 1 49 0.0663265306122 0.0187074829932 5.14285714286 46.2857142857 2.95918367347 -5.12244897959 11.4081632653 0.877551020408 0.326530612245 1.875 -0.186046511628
k 1 67 -0.0654420206659 -0.0155472636816 13.7164179104 30.2537313433 -3.4328358209 -6.0 -36.4776119403 0.805970149254 0.537313432836 -0.416666666667 -1.64814814815
l 1 41 -0.0174216027875 0.0111788617886 4.12195121951 34.6585365854 -0.682926829268 0.292682926829 -8.0487804878 0.829268292683 0.341463414634 -0.357142857143 -0.823529411765
m 1 88 -0.0113636363636 -0.00473484848485 32.3068181818 18.4772727273 -0.443181818182 -7.78409090909 -5.55681818182 0.659090909091 0.5 0.0909090909091 0.344827586207
n 1 60 -0.0346153846154 -0.00972222222222 14.7833333333 18.7 -1.18333333333 -6.58333333333 -7.85 0.65 0.466666666667 0.821428571429 -0.128205128205
o 0 56 -0.030612244898 0.0 15.1428571429 17.25 0.0357142857143 0.392857142857 -7.82142857143 0.660714285714 0.607142857143 0.294117647059 -1.02702702703
p 0 69 -0.0858416945373 0.0531400966184 15.8985507246 32.1449275362 3.14492753623 15.3188405797 -52.8550724638 0.536231884058 0.492753623188 0.794117647059 -0.27027027027
q 0 69 0.0124223602484 0.0597826086957 14.7826086957 32.0144927536 -4.53623188406 21.4057971014 23.2608695652 0.739130434783 0.521739130435 1.08333333333 -0.392156862745
r 1 37 -0.162162162162 0.0337837837838 10.8108108108 19.1351351351 2.40540540541 7.05405405405 -26.0810810811 0.513513513514 0.540540540541 -2.25 -1.52631578947
s 1 50 0.0127272727273 -0.00916666666667 9.34 18.42 1.28 -5.24 0.56 0.58 0.82 -0.707317073171 -0.551724137931
t 1 33 -0.162878787879 0.0113636363636 6.93939393939 22.3333333333 -2.42424242424 4.18181818182 -20.6060606061 0.575757575758 0.545454545455 -0.388888888889 -0.947368421053
u 1 59 -0.0278450363196 0.0021186440678 15.6779661017 18.8644067797 -2.08474576271 5.4406779661 -4.76271186441 0.864406779661 0.474576271186 0.142857142857 -1.37254901961
v 1 47 -0.0106382978723 0.0691489361702 13.170212766 18.6382978723 -0.063829787234 44.7872340426 -1.72340425532 0.808510638298 0.553191489362 -2.57692307692 -0.921052631579
y 1 62 -0.0691244239631 0.0819892473118 14.2580645161 39.3225806452 5.5 32.8548387097 -42.6290322581 0.822580645161 0.58064516129 0.805555555556 -1.64705882353
z 1 55 -0.0111888111888 -0.00909090909091 12.4727272727 22.6909090909 -2.03636363636 -6.8 -5.70909090909 0.672727272727 0.8 -0.681818181818 -1.10810810811
& -1 94 -0.0233029381966 -0.0429964539007 27.6595744681 29.0106382979 -3.02127659574 -64.5531914894 -8.8085106383 0.68085106383 0.702127659574 -1.16666666667 -1.515625
1 1 46 -0.0197628458498 -0.00634057971014 6.69565217391 32.7173913043 -1.45652173913 -10.3695652174 -10.2391304348 0.717391304348 0.521739130435 0.208333333333 -1.21212121212
2 1 62 -0.0241935483871 -0.0201612903226 12.1290322581 36.064516129 -1.8064516129 -6.0 -22.7419354839 0.548387096774 0.774193548387 -2.29166666667 -0.470588235294
3 1 68 -0.0273109243697 -0.00490196078431 13.7647058824 32.5882352941 0.117647058824 -6.02941176471 -31.7058823529 0.617647058824 0.764705882353 -2.61538461538 -0.952380952381
4 0 53 0.00269541778976 -0.0251572327044 13.0943396226 21.0943396226 2.22641509434 -19.8113207547 20.2641509434 0.679245283019 0.641509433962 -0.617647058824 -0.194444444444
5 1 73 -0.0463645943098 0.00627853881279 14.1095890411 31.8767123288 -0.0547945205479 -0.164383561644 -21.698630137 0.397260273973 0.767123287671 -2.05357142857 -0.275862068966
6 1 70 -0.0142857142857 0.00714285714286 13.9 27.8857142857 0.257142857143 -1.97142857143 4.82857142857 0.614285714286 0.628571428571 -2.09090909091 -0.325581395349
7 1 52 -0.0310650887574 0.0745192307692 11.0192307692 35.0192307692 3.05769230769 36.5961538462 -26.2115384615 0.711538461538 0.692307692308 -4.11111111111 -0.891891891892
8 -1 70 -0.0326530612245 -0.00238095238095 14.4571428571 29.2571428571 -0.0714285714286 -4.04285714286 -14.3857142857 0.771428571429 0.628571428571 -1.47727272727 -1.33333333333
9 0 71 0.0195016251354 -0.00469483568075 13.5492957746 27.6338028169 0.704225352113 0.281690140845 -3.60563380282 0.647887323944 0.704225352113 -1.24 -0.173913043478
0 0 68 -0.0304621848739 0.0 14.7205882353 25.2352941176 0.0 0.0 -12.4705882353 0.779411764706 0.5 -1.5 -1.15094339623
( 1 48 -0.0555555555556 0.000868055555556 6.83333333333 47.6875 -0.5625 -2.60416666667 42.9375 0.729166666667 0.5 0.291666666667 -0.571428571429
$ 1 70 -0.0295918367347 -0.0077380952381 14.1285714286 31.7571428571 1.75714285714 -12.2714285714 -11.5571428571 0.585714285714 0.8 -1.625 -1.26829268293
. 1 14 -0.0833333333333 0.0357142857143 3.64285714286 4.0 -0.428571428571 3.57142857143 -2.0 0.5 0.714285714286 4.4 -0.714285714286
! 1 38 -0.0657894736842 0.0 4.28947368421 30.0 0.0526315789474 1.63157894737 -14.8421052632 0.736842105263 0.368421052632 -0.571428571429 -0.678571428571
? 1 51 -0.0245098039216 0.0571895424837 8.88235294118 31.3725490196 0.0196078431373 29.0392156863 -16.8039215686 0.705882352941 0.705882352941 -3.61111111111 -0.916666666667
) 1 49 0.0657596371882 0.0102040816327 6.75510204082 49.1836734694 0.775510204082 0.448979591837 -35.4693877551 0.897959183673 0.489795918367 0.25 -0.0909090909091
