A 0 71 -0.0195618153365 0.0595882990249 23.0 32.3943661972 -0.0845070422535 -27.661971831 -15.8591549296 0.788732394366 0.591549295775 -0.833333333333 -1.08928571429
B -1 85 -0.0509803921569 0.109954751131 20.8588235294 42.3176470588 -3.32941176471 56.2470588235 -49.5647058824 0.411764705882 0.611764705882 -2.5 0.942857142857
C 1 66 -0.0369318181818 0.115384615385 21.6515151515 47.696969697 -1.77272727273 64.9545454545 24.8939393939 0.530303030303 0.757575757576 -2.84 -2.22857142857
D 0 84 -0.0877976190476 0.115842490842 26.880952381 42.6547619048 -4.19047619048 80.6904761905 -84.7619047619 0.464285714286 0.52380952381 -2.56818181818 0.564102564103
E 1 84 -0.0748299319728 0.108974358974 18.5238095238 45.380952381 -4.14285714286 49.5714285714 -42.1904761905 0.27380952381 0.714285714286 -2.8 0.0869565217391
F 1 67 -0.0803673938002 0.176234213548 16.6268656716 51.2089552239 1.98507462687 72.223880597 -18.0149253731 0.313432835821 0.597014925373 -5.1 -1.2380952381
G 1 78 0.0200320512821 0.10650887574 23.2948717949 41.7948717949 -0.525641025641 59.2179487179 29.0897435897 0.576923076923 0.641025641026 -3.12 -0.8
H 1 86 -0.0436046511628 0.115384615385 29.2790697674 42.4651162791 -2.09302325581 87.8372093023 -21.0 0.639534883721 0.418604651163 -2.30555555556 0.272727272727
I 1 40 -0.158333333333 0.115384615385 4.65 42.5 -2.85 13.95 -39.6 0.575 0.3 -1.83333333333 -0.434782608696
J 1 51 0.126696832579 0.0754147812971 15.6470588235 39.568627451 13.8039215686 42.5490196078 105.529411765 0.745098039216 0.470588235294 1.08333333333 1.57894736842
K 1 78 -0.114583333333 0.115384615385 25.6538461538 48.0512820513 -6.69230769231 69.1794871795 -58.9230769231 0.679487179487 0.564102564103 -2.63636363636 -1.33962264151
L 1 55 -0.152447552448 0.0412587412587 17.9818181818 36.4181818182 -12.1818181818 26.7272727273 -104.727272727 0.381818181818 0.472727272727 1.30769230769 -2.2380952381
M 1 108 0.00881834215168 0.0904558404558 42.4814814815 35.1296296296 1.09259259259 86.4259259259 11.5185185185 0.851851851852 0.388888888889 -1.66666666667 -0.445652173913
N 1 89 -0.0316011235955 0.121002592913 29.6292134831 40.606741573 -0.292134831461 88.1123595506 -10.2247191011 0.707865168539 0.38202247191 -2.35294117647 0.380952380952
O 0 80 -0.000657894736842 0.115384615385 30.0375 41.2 -0.1 89.175 -0.8 0.6375 0.65 -2.71153846154 -0.372549019608
P 0 69 -0.120082815735 0.166666666667 21.5362318841 47.5507246377 -1.72463768116 80.7971014493 -68.5362318841 0.420289855072 0.550724637681 -4.42105263158 -0.620689655172
Q 0 91 0.0352805089647 0.0540997464074 30.8681318681 48.0879120879 -6.25274725275 40.6483516484 56.0989010989 0.681318681319 0.681318681319 -0.58064516129 0.225806451613
R 0 81 -0.0559670781893 0.115384615385 21.6543209877 43.962962963 -4.44444444444 52.5925925926 -43.8271604938 0.555555555556 0.543209876543 -3.04545454545 0.288888888889
S 1 71 -0.00093896713615 0.106175514626 16.014084507 43.2112676056 1.59154929577 36.5774647887 2.18309859155 0.535211267606 0.845070422535 -2.65 -0.921052631579
T 1 60 -0.03125 0.197435897436 16.0333333333 63.6666666667 -2.56666666667 133.966666667 -31.8333333333 0.583333333333 0.566666666667 -7.17647058824 -1.17142857143
U 1 79 -0.00521221146687 0.121226874391 25.3544303797 42.3670886076 0.240506329114 108.46835443 -3.05063291139 0.848101265823 0.430379746835 -1.61764705882 -1.0
V 1 70 -0.0150793650794 0.16978021978 23.4714285714 50.0714285714 -1.38571428571 169.557142857 -19.4428571429 0.885714285714 0.485714285714 -4.02941176471 -1.0
W 1 110 -0.00871212121212 0.137412587413 45.4090909091 41.9727272727 -0.527272727273 233.254545455 -12.2363636364 0.872727272727 0.418181818182 -2.91304347826 -0.947916666667
X 1 74 -0.0302066772655 0.10343035343 23.3783783784 50.1756756757 -1.40540540541 48.7297297297 -26.5675675676 0.810810810811 0.702702702703 -2.73076923077 -0.85
Y 1 58 0.00405679513185 0.192307692308 17.7931034483 59.0 0.241379310345 153.965517241 2.55172413793 0.931034482759 0.586206896552 -5.70588235294 -0.648148148148
Z 1 74 -0.0329391891892 0.101351351351 19.2567567568 51.2837837838 -2.22972972973 39.6891891892 -30.8783783784 0.472972972973 0.864864864865 -2.890625 -1.82857142857
a 0 62 -0.0161290322581 -0.0440446650124 13.1451612903 22.4032258065 -0.403225806452 -19.9193548387 -3.85483870968 0.467741935484 0.645161290323 1.675 -0.379310344828
b 0 73 -0.0753424657534 0.0279241306639 18.0136986301 35.2739726027 -6.17808219178 21.4109589041 -85.2465753425 0.684931506849 0.465753424658 0.205882352941 -2.16
c 1 48 -0.0128205128205 -0.0384615384615 13.4583333333 24.375 0.125 -15.2916666667 18.9583333333 0.458333333333 0.791666666667 1.42105263158 -1.45454545455
d 0 71 0.0452716297787 0.0292524377031 19.1126760563 35.0704225352 6.56338028169 18.5633802817 72.7605633803 0.633802816901 0.535211267606 0.236842105263 0.777777777778
e 0 61 -0.016393442623 -0.0491803278689 15.2786885246 20.8524590164 -0.83606557377 -20.0491803279 0.573770491803 0.426229508197 0.786885245902 1.5 -1.07692307692
f 1 59 -0.0184899845917 0.121903520209 9.96610169492 47.1355932203 7.10169491525 35.4745762712 23.3050847458 0.677966101695 0.508474576271 -4.2 -2.05
g 0 77 -0.0454545454545 -0.120879120879 16.5064935065 42.4155844156 4.81818181818 -46.4805194805 -40.7142857143 0.558441558442 0.61038961039 3.91489361702 -0.651162790698
h 1 75 -0.0695238095238 0.0189743589744 18.6 35.9333333333 -7.32 9.26666666667 -73.1333333333 0.826666666667 0.373333333333 -0.214285714286 -1.79032258065
i 1 45 -0.0444444444444 0.0803418803419 3.77777777778 44.5777777778 -1.88888888889 7.13333333333 -22.8666666667 0.8 0.444444444444 -3.15 -0.694444444444
j 1 55 0.137373737374 -0.00909090909091 7.12727272727 57.6181818182 3.67272727273 -9.89090909091 33.5272727273 0.854545454545 0.454545454545 0.4 0.63829787234
k 1 71 -0.0985915492958 0.0346695557963 17.2957746479 39.8873239437 -6.39436619718 19.4084507042 -75.9154929577 0.845070422535 0.535211267606 0.263157894737 -2.26666666667
l 1 46 -0.0869565217391 0.064381270903 5.17391304348 43.9347826087 -4.32608695652 8.71739130435 -32.6304347826 0.869565217391 0.304347826087 0.214285714286 -1.725
m 1 95 -0.00401002506266 -0.0457489878543 36.4 23.1052631579 -1.93684210526 -59.0736842105 0.0842105263158 0.778947368421 0.421052631579 0.85 -0.878378378378
n 1 64 -0.0279017857143 -0.046875 17.703125 23.4375 -0.953125 -29.203125 -7.296875 0.78125 0.40625 1.26923076923 -1.24
o 0 58 -0.0149425287356 -0.0384615384615 17.5 20.2413793103 0.103448275862 -17.5862068966 -2.58620689655 0.586206896552 0.655172413793 1.26315789474 -0.382352941176
p 0 69 -0.0621118012422 0.0351170568562 17.7101449275 30.1304347826 2.78260869565 10.5217391304 -50.0 0.710144927536 0.492753623188 -0.411764705882 -2.12244897959
q 0 68 0.0325630252101 0.0288461538462 18.8382352941 30.4558823529 -3.97058823529 12.3235294118 38.7352941176 0.632352941176 0.529411764706 -0.944444444444 0.674418604651
r 1 41 -0.0687361419069 0.120075046904 9.48780487805 31.756097561 3.0243902439 33.3658536585 4.82926829268 0.682926829268 0.487804878049 -3.5 -2.35714285714
s 1 55 0.0013986013986 0.0678321678322 11.1818181818 24.7818181818 1.67272727273 16.4727272727 9.23636363636 0.527272727273 0.854545454545 -1.48936170213 -1.1724137931
t 1 55 -0.0214876033058 0.130769230769 9.94545454545 44.4545454545 -4.47272727273 33.9636363636 -35.2727272727 0.618181818182 0.545454545455 -2.76666666667 -2.02941176471
u 1 64 -0.0223214285714 0.0925480769231 17.25 27.59375 -2.03125 55.3125 -9.96875 0.75 0.4375 -0.857142857143 -0.979166666667
v 1 52 -0.00384615384615 0.136094674556 16.0961538462 32.1923076923 -0.173076923077 85.3653846154 -1.01923076923 0.884615384615 0.538461538462 -3.25 -0.804347826087
w 1 87 -0.00492610837438 0.110963748895 30.4942528736 28.3103448276 -0.16091954023 128.252873563 -0.574712643678 0.816091954023 0.459770114943 -2.4 -0.845070422535
x 1 56 -0.0119047619048 0.0721153846154 17.1071428571 31.6964285714 -1.0 22.25 -9.67857142857 0.857142857143 0.75 -1.5 -0.916666666667
y 1 64 -0.078125 0.0450721153846 16.8125 36.953125 5.0 24.59375 -63.84375 0.828125 0.5625 0.111111111111 -1.24528301887
z 1 55 -0.0441558441558 0.0748251748252 14.0363636364 30.4909090909 -2.01818181818 27.5090909091 -19.8 0.618181818182 0.909090909091 -1.74 -1.64705882353
& -1 82 -0.0272596843615 0.112570356473 20.1951219512 40.6829268293 -4.76829268293 31.3048780488 -39.4756097561 0.646341463415 0.707317073171 -2.36206896552 -0.830188679245
1 1 47 0.0872340425532 0.166939443535 8.91489361702 52.3829787234 1.23404255319 45.4468085106 32.5957446809 0.808510638298 0.425531914894 -5.3 0.210526315789
2 1 67 -0.0522388059701 0.132032146958 15.7462686567 52.6268656716 -4.40298507463 48.9104477612 -58.9104477612 0.537313432836 0.776119402985 -3.05769230769 -0.694444444444
3 1 68 0.012443438914 0.150452488688 14.1029411765 52.2647058824 0.955882352941 49.5147058824 -15.1323529412 0.455882352941 0.764705882353 -3.90384615385 1.0
4 0 59 0.0587570621469 0.0632333767927 14.7796610169 29.4406779661 2.66101694915 15.9830508475 60.593220339 0.779661016949 0.576271186441 -0.794117647059 0.239130434783
5 1 70 0.0307692307692 0.0763736263736 14.4571428571 41.1285714286 4.1 23.6142857143 21.3285714286 0.5 0.742857142857 -1.73076923077 -0.0571428571429
6 0 70 -0.0163265306122 0.0736263736264 15.6 33.5142857143 2.21428571429 22.6428571429 18.1571428571 0.6 0.7 -2.0 -0.785714285714
7 1 56 -0.0637755102041 0.147664835165 13.2857142857 52.7678571429 -0.0892857142857 78.4821428571 -47.0178571429 0.660714285714 0.642857142857 -4.75 -1.51351351351
8 -1 73 -0.0469667318982 0.072708113804 16.3287671233 35.4246575342 -1.83561643836 26.1643835616 -27.3698630137 0.58904109589 0.657534246575 -1.22916666667 -0.93023255814
9 0 70 -0.0602040816327 0.0884615384615 15.8142857143 35.9571428571 -0.271428571429 39.8142857143 -42.0428571429 0.585714285714 0.714285714286 -1.76 -1.09756097561
0 0 70 -0.0469387755102 0.0769230769231 17.8571428571 33.4 -1.31428571429 35.7142857143 -19.2571428571 0.671428571429 0.514285714286 -1.52777777778 -0.595744680851
( 1 52 -0.0889423076923 0.0377218934911 6.48076923077 56.9807692308 -0.403846153846 6.13461538462 17.3269230769 0.730769230769 0.384615384615 0.0 -0.789473684211
$ 1 73 -0.0440313111546 0.0474183350896 15.3287671233 43.2054794521 0.657534246575 12.0273972603 -28.9589041096 0.616438356164 0.767123287671 -1.25 -1.0
. 1 16 -0.0535714285714 -0.175480769231 4.625 24.9375 1.6875 -20.8125 -9.4375 0.5 0.75 4.75 -0.125
! 1 43 0.0398671096346 0.0733452593918 4.51162790698 38.9302325581 1.06976744186 9.67441860465 17.023255814 0.860465116279 0.441860465116 0.473684210526 -0.648648648649
? 1 51 -0.0539215686275 0.112368024133 9.27450980392 44.2941176471 -0.627450980392 43.7647058824 -38.0 0.686274509804 0.725490196078 -3.10810810811 -1.14285714286
) 1 53 -0.0062893081761 0.0283018867925 6.43396226415 58.6226415094 -0.641509433962 7.09433962264 -65.8490566038 0.849056603774 0.415094339623 0.0 -0.533333333333
