A 0 58 -0.0307881773399 0.0718390804598 14.7413793103 29.3793103448 -0.551724137931 -2.31034482759 -12.6896551724 0.793103448276 0.51724137931 -0.866666666667 -1.08695652174
B -1 66 -0.0652680652681 0.123106060606 15.3636363636 35.6515151515 -2.65151515152 44.6515151515 -41.2575757576 0.439393939394 0.575757575758 -2.68421052632 0.620689655172
C 1 57 -0.0263157894737 0.118421052632 15.1403508772 37.5789473684 -0.578947368421 41.9122807018 18.1929824561 0.578947368421 0.736842105263 -2.71428571429 -2.54545454545
D 0 66 -0.0629370629371 0.125 16.303030303 34.8484848485 -2.37878787879 49.5909090909 -41.5 0.5 0.454545454545 -2.43333333333 0.515151515152
E 1 71 -0.032502708559 0.1279342723 14.8169014085 39.6338028169 -1.77464788732 40.5352112676 -13.5492957746 0.338028169014 0.69014084507 -2.5306122449 0.125
F 1 58 -0.102011494253 0.176005747126 15.2586206897 44.5344827586 0.103448275862 59.724137931 -29.8620689655 0.362068965517 0.620689655172 -4.86111111111 -0.619047619048
G 1 64 -0.00446428571429 0.119791666667 14.59375 34.25 0.21875 39.96875 15.53125 0.640625 0.65625 -3.38095238095 -1.73170731707
H 1 70 -0.0373626373626 0.122619047619 16.3714285714 36.6 -1.51428571429 47.9714285714 -18.1714285714 0.728571428571 0.342857142857 -1.70833333333 0.0980392156863
I 1 58 -0.0359195402299 0.125 13.1896551724 42.9310344828 -1.29310344828 39.5689655172 -20.3965517241 0.448275862069 0.655172413793 -2.73684210526 -0.576923076923
J 1 56 0.00595238095238 0.128720238095 13.0714285714 41.4107142857 3.03571428571 38.0 -1.92857142857 0.553571428571 0.642857142857 -2.58333333333 0.0967741935484
K 1 66 -0.0664335664336 0.121843434343 15.6212121212 40.196969697 -3.65151515152 40.196969697 -25.2272727273 0.681818181818 0.484848484848 -2.28125 -0.311111111111
L 1 49 -0.117739403454 0.0671768707483 14.6734693878 32.7142857143 -11.3265306122 27.2448979592 -85.5714285714 0.612244897959 0.530612244898 0.730769230769 -2.56666666667
M 1 74 -0.0328185328185 0.106981981982 18.5405405405 34.5675675676 -1.12162162162 37.3108108108 -16.1216216216 0.77027027027 0.405405405405 -1.5 -0.982456140351
N 1 42 -0.0374149659864 0.109126984127 5.64285714286 30.9047619048 -1.16666666667 16.0238095238 -21.119047619 0.690476190476 0.309523809524 -2.30769230769 0.896551724138
N 1 42 -0.0833333333333 0.146825396825 5.90476190476 37.1904761905 -3.33333333333 23.4761904762 -22.8095238095 0.761904761905 0.357142857143 -3.0 -1.09375
O 0 62 -0.0276497695853 0.125 15.2903225806 32.8709677419 -1.16129032258 45.8709677419 -14.4838709677 0.758064516129 0.516129032258 -2.53125 -1.40425531915
P 0 59 -0.0977835723598 0.164548022599 16.1186440678 40.7288135593 -0.610169491525 61.6271186441 -40.0 0.423728813559 0.542372881356 -3.96875 -0.28
Q 0 75 0.00857142857143 0.0366666666667 15.9333333333 39.7333333333 -5.2 12.32 25.44 0.826666666667 0.52 0.435897435897 -0.870967741935
R 0 66 -0.0582750582751 0.111111111111 16.0606060606 36.1212121212 -4.0303030303 38.2424242424 -35.6363636364 0.590909090909 0.515151515152 -2.58823529412 0.153846153846
S 1 62 -0.0322580645161 0.114247311828 12.9032258065 35.7741935484 0.129032258065 30.4193548387 -10.6451612903 0.403225806452 0.806451612903 -2.9 -0.36
T 1 51 -0.0238095238095 0.191993464052 12.3725490196 51.9411764706 -1.17647058824 89.8431372549 -18.2352941176 0.627450980392 0.549019607843 -6.21428571429 -1.25
U 1 69 -0.027950310559 0.147946859903 15.7826086957 38.3623188406 -0.63768115942 68.2028985507 -7.15942028986 0.855072463768 0.376811594203 -2.07692307692 -1.42372881356
V 1 62 -0.0322580645161 0.182795698925 14.2580645161 44.5161290323 -2.04838709677 88.3709677419 -21.7258064516 0.822580645161 0.41935483871 -3.80769230769 -1.13725490196
W 1 75 -0.0333333333333 0.142222222222 18.36 39.4933333333 -1.76 72.96 -18.6933333333 0.8 0.4 -3.0 -0.85
X 1 62 -0.0264976958525 0.120295698925 15.8225806452 44.0806451613 -0.870967741935 42.6451612903 -16.8709677419 0.870967741935 0.645161290323 -2.6 -1.16666666667
Y 1 53 -0.0323450134771 0.192610062893 12.679245283 50.8867924528 -2.07547169811 90.0754716981 -24.1132075472 0.88679245283 0.490566037736 -5.26923076923 -1.21276595745
Z 1 60 -0.0333333333333 0.115972222222 13.5333333333 42.1166666667 -2.66666666667 34.7333333333 -21.4 0.466666666667 0.75 -2.48888888889 -0.571428571429
a 0 57 -0.0409356725146 -0.031432748538 13.1228070175 18.7894736842 -0.701754385965 -14.4210526316 -7.47368421053 0.438596491228 0.631578947368 1.02777777778 -0.48
b 0 62 -0.0893300248139 0.0510752688172 16.064516129 32.0 -5.96774193548 25.5806451613 -75.4516129032 0.516129032258 0.483870967742 0.1 -0.21875
c 1 49 0.00627943485086 -0.0229591836735 13.5918367347 19.612244898 -0.367346938776 -8.85714285714 17.4693877551 0.408163265306 0.816326530612 0.575 -1.15
d 0 62 0.0120967741935 0.0510752688172 13.8870967742 32.0 4.53225806452 13.3387096774 42.6612903226 0.645161290323 0.483870967742 -0.2 0.4
e 1 57 -0.0161943319838 -0.0336257309942 12.7368421053 17.2280701754 -1.0 -10.4035087719 0.122807017544 0.421052631579 0.684210526316 1.12820512821 -0.416666666667
f 1 59 0.00391134289439 0.129237288136 12.5593220339 41.0338983051 7.22033898305 53.8644067797 41.6610169492 0.593220338983 0.576271186441 -3.97058823529 -1.54285714286
g 0 69 -0.0519323671498 -0.108695652174 14.2463768116 36.0579710145 3.84057971014 -38.5072463768 -37.115942029 0.492753623188 0.550724637681 3.5 0.0294117647059
h 1 67 -0.092039800995 0.0292288557214 15.6119402985 32.223880597 -5.86567164179 14.0149253731 -68.1343283582 0.641791044776 0.417910447761 -0.178571428571 -0.418604651163
i 1 53 -0.0512129380054 0.0699685534591 10.4150943396 36.0188679245 -9.16981132075 11.7735849057 -31.5849056604 0.641509433962 0.603773584906 -1.09375 -1.97058823529
j 1 65 0.0797202797203 -0.0205128205128 10.9384615385 48.4923076923 3.58461538462 -12.2307692308 19.0615384615 0.661538461538 0.615384615385 0.225 0.860465116279
k 1 66 -0.0874125874126 0.0498737373737 15.1060606061 37.5909090909 -6.16666666667 15.4090909091 -62.6515151515 0.666666666667 0.575757575758 0.0789473684211 -0.727272727273
l 1 52 -0.0521978021978 0.0865384615385 11.1923076923 42.6538461538 -12.2884615385 34.5961538462 -75.1346153846 0.653846153846 0.5 -1.15384615385 -1.70588235294
m 1 70 -0.0336734693878 -0.0285714285714 18.8142857143 18.8 0.157142857143 -19.4142857143 -8.87142857143 0.571428571429 0.457142857143 0.75 -0.075
n 1 56 -0.047619047619 -0.0424107142857 15.0357142857 19.8035714286 -0.0714285714286 -17.3571428571 -13.1071428571 0.642857142857 0.464285714286 1.0 0.0833333333333
o 0 50 -0.0276923076923 -0.0208333333333 14.52 17.06 0.18 -7.26 -8.02 0.56 0.6 0.833333333333 0.0
p 0 60 -0.0833333333333 0.00555555555556 15.9833333333 27.5333333333 3.68333333333 -3.38333333333 -52.7166666667 0.516666666667 0.5 -0.233333333333 -0.161290322581
q 0 61 0.016393442623 0.00546448087432 14.131147541 26.7868852459 -3.59016393443 3.16393442623 25.6229508197 0.622950819672 0.491803278689 0.266666666667 0.5
r 1 40 -0.175 0.0989583333333 15.35 25.675 0.95 26.25 -28.1 0.425 0.6 -3.29166666667 -2.29411764706
s 1 53 -0.0566037735849 0.0542452830189 12.1886792453 20.2075471698 1.15094339623 10.7358490566 -9.15094339623 0.396226415094 0.792452830189 -1.40476190476 -0.904761904762
t 1 55 0.0168831168831 0.118939393939 13.7272727273 35.2545454545 -3.92727272727 39.6 -10.6545454545 0.6 0.727272727273 -2.65 -1.72727272727
u 1 57 -0.030701754386 0.0818713450292 14.4385964912 22.4561403509 -1.56140350877 33.1754385965 -9.98245614035 0.649122807018 0.456140350877 -0.846153846154 -0.162162162162
v 1 50 -0.0342857142857 0.116666666667 14.32 26.0 -1.3 62.42 -12.5 0.8 0.52 -2.5 -1.25
w 1 61 -0.0374707259953 0.0860655737705 18.0 21.3114754098 -1.08196721311 49.4754098361 -10.7540983607 0.737704918033 0.426229508197 -1.03846153846 -0.888888888889
x 1 52 -0.0274725274725 0.0625 16.1153846154 27.7307692308 -0.5 20.3846153846 -11.6153846154 0.846153846154 0.769230769231 -1.2 -1.29545454545
y 1 60 -0.0630952380952 0.0229166666667 14.0833333333 33.6833333333 6.18333333333 7.41666666667 -47.6833333333 0.85 0.566666666667 0.647058823529 -1.54901960784
z 1 51 -0.0343137254902 0.0604575163399 12.8039215686 25.137254902 -1.05882352941 18.0392156863 -13.0196078431 0.43137254902 0.803921568627 -1.39024390244 -1.04545454545
& -1 63 -0.0453514739229 0.0892857142857 14.7619047619 30.3650793651 -3.34920634921 20.2380952381 -25.0634920635 0.68253968254 0.698412698413 -1.56818181818 -1.48837209302
1 1 51 -0.0316742081448 0.0759803921569 11.3137254902 31.431372549 -3.94117647059 9.54901960784 -19.9019607843 0.56862745098 0.666666666667 -1.11764705882 -1.10344827586
2 1 59 -0.0273794002608 0.102401129944 13.4745762712 37.6779661017 -2.89830508475 26.3559322034 -26.7288135593 0.508474576271 0.796610169492 -2.14893617021 -0.4
3 1 60 -0.0541666666667 0.120833333333 12.4166666667 36.6666666667 -1.63333333333 31.3 -35.6333333333 0.45 0.783333333333 -2.85106382979 -0.037037037037
4 0 51 0.00280112044818 0.0302287581699 12.7450980392 23.0784313725 1.3137254902 0.0980392156863 25.1960784314 0.764705882353 0.588235294118 0.1 -0.487179487179
5 1 62 0.0347394540943 0.0450268817204 12.6451612903 30.5322580645 2.59677419355 11.6290322581 14.9193548387 0.532258064516 0.774193548387 -0.541666666667 -0.363636363636
6 0 58 -0.00862068965517 0.0359195402299 12.9310344828 25.724137931 2.43103448276 8.22413793103 12.9482758621 0.568965517241 0.637931034483 -1.0 -0.515151515152
7 1 49 0.021978021978 0.0994897959184 10.1224489796 35.8163265306 2.28571428571 46.9795918367 6.04081632653 0.714285714286 0.65306122449 -3.53125 -0.714285714286
8 -1 63 -0.0410052910053 0.0324074074074 13.6984126984 26.1428571429 -0.365079365079 6.84126984127 -13.0 0.52380952381 0.603174603175 -0.684210526316 -0.333333333333
9 0 59 -0.0593220338983 0.0543785310734 12.9830508475 25.4406779661 0.966101694915 18.3220338983 -22.5593220339 0.525423728814 0.677966101695 -0.45 -0.483870967742
0 -1 67 -0.0360696517413 0.0466417910448 12.9402985075 23.6865671642 -0.597014925373 13.1641791045 -10.8656716418 0.55223880597 0.507462686567 -0.588235294118 -0.351351351351
( 1 51 -0.056862745098 0.0147058823529 9.11764705882 51.4901960784 -0.254901960784 2.8431372549 52.7647058824 0.764705882353 0.549019607843 0.0357142857143 -1.17948717949
$ 1 67 -0.0264064293915 0.021144278607 12.5820895522 36.6567164179 0.417910447761 2.74626865672 -8.86567164179 0.597014925373 0.746268656716 -0.24 -0.6
. 1 16 -0.0625 -0.182291666667 5.5 23.625 2.1875 -24.6875 -11.8125 0.625 0.875 4.42857142857 -1.0
! 1 38 -0.0833333333333 0.0438596491228 5.02631578947 30.2105263158 -0.526315789474 6.10526315789 -15.1052631579 0.552631578947 0.368421052632 0.428571428571 -0.047619047619
? 1 47 -0.0531914893617 0.0771276595745 8.89361702128 31.8510638298 -1.40425531915 33.2340425532 -26.2127659574 0.659574468085 0.787234042553 -2.10810810811 -1.16129032258
) 1 51 -0.021568627451 -0.00408496732026 8.6862745098 51.0392156863 0.823529411765 -2.94117647059 -88.0392156863 0.803921568627 0.549019607843 0.214285714286 -0.390243902439
