A 0 67 -0.0309168443497 0.0706084959816 14.0746268657 33.4179104478 -0.686567164179 -9.28358208955 -15.3432835821 0.791044776119 0.477611940299 -0.6875 -1.16981132075
B -1 75 -0.0955555555556 0.111282051282 14.7733333333 41.6666666667 -3.89333333333 41.4133333333 -57.3333333333 0.493333333333 0.506666666667 -2.18421052632 -0.108108108108
C 1 58 -0.0603448275862 0.114721485411 13.5517241379 48.3275862069 -2.18965517241 40.6379310345 16.9137931034 0.568965517241 0.620689655172 -2.66666666667 -1.45454545455
D 0 78 -0.0512820512821 0.115384615385 16.8205128205 41.3846153846 -2.0 50.4615384615 -44.7948717949 0.551282051282 0.461538461538 -2.41666666667 0.488372093023
E 1 68 -0.0708556149733 0.109728506787 10.9852941176 46.9411764706 -3.26470588235 27.7058823529 -25.4117647059 0.367647058824 0.647058823529 -2.54545454545 -0.48
F 1 58 -0.0501567398119 0.15848806366 9.79310344828 51.0172413793 3.53448275862 38.9482758621 3.22413793103 0.637931034483 0.586206896552 -4.70588235294 -2.27027027027
G 1 69 0.00111482720178 0.108695652174 14.6811594203 41.4057971014 -0.898550724638 37.1884057971 17.1304347826 0.652173913043 0.579710144928 -2.825 -0.355555555556
H 1 84 -0.0374149659864 0.115384615385 18.4285714286 45.7619047619 -1.57142857143 55.4285714286 -24.619047619 0.809523809524 0.452380952381 -2.57894736842 -1.02941176471
I 1 42 -0.0396825396825 0.115384615385 4.2380952381 45.6666666667 -0.714285714286 12.7142857143 -17.8571428571 0.809523809524 0.285714285714 -1.75 -0.764705882353
J 1 48 0.0833333333333 0.0689102564103 8.58333333333 39.125 8.60416666667 9.89583333333 52.7291666667 0.8125 0.375 1.72222222222 0.564102564103
K 1 75 -0.0379487179487 0.111794871795 14.5466666667 49.2266666667 -2.6 36.5733333333 -11.3733333333 0.84 0.533333333333 -2.95 -1.03174603175
L 1 50 -0.105454545455 0.0692307692308 9.08 42.12 -9.2 17.48 -72.2 0.78 0.44 0.772727272727 -2.17948717949
M 1 102 -0.0403050108932 0.090874811463 29.6274509804 34.8333333333 -2.16666666667 59.9705882353 -24.4215686275 0.823529411765 0.352941176471 -1.38888888889 -1.07142857143
N 1 86 -0.0340531561462 0.116279069767 17.4534883721 42.2093023256 1.09302325581 49.6976744186 -4.86046511628 0.837209302326 0.395348837209 -2.44117647059 -1.11111111111
O 0 74 -0.0126126126126 0.115384615385 19.5945945946 40.2702702703 -0.567567567568 58.7837837838 -5.35135135135 0.689189189189 0.540540540541 -2.575 -0.156862745098
P 0 62 -0.0954301075269 0.151364764268 13.1129032258 46.1290322581 0.516129032258 43.6774193548 -42.1290322581 0.758064516129 0.483870967742 -3.46666666667 -2.06382978723
Q 0 84 0.015873015873 0.0599816849817 19.119047619 45.8214285714 -4.07142857143 35.5952380952 27.3333333333 0.72619047619 0.547619047619 -0.630434782609 0.0983606557377
R 0 74 -0.031185031185 0.101351351351 13.5945945946 41.7702702703 -1.98648648649 25.2027027027 -23.6081081081 0.824324324324 0.486486486486 -1.80555555556 -1.09836065574
S 1 56 -0.0431547619048 0.111263736264 10.3392857143 48.6071428571 -1.41071428571 27.5178571429 -28.0892857143 0.75 0.785714285714 -2.59090909091 -1.42857142857
T 1 54 -0.00569800569801 0.183760683761 8.88888888889 63.0740740741 0.462962962963 71.7222222222 -0.203703703704 0.740740740741 0.518518518519 -6.78571428571 -1.025
U 1 78 0.0069033530572 0.131656804734 17.2435897436 44.8333333333 0.128205128205 71.1794871795 0.897435897436 0.74358974359 0.333333333333 -0.807692307692 0.344827586207
V 1 69 -0.0351966873706 0.165551839465 13.7971014493 48.7101449275 -2.59420289855 92.1014492754 -30.5362318841 0.840579710145 0.376811594203 -3.84615384615 -1.15517241379
W 1 109 -0.0188073394495 0.138320395201 29.880733945 42.7339449541 -1.19266055046 148.403669725 -17.0458715596 0.880733944954 0.348623853211 -2.92105263158 -1.33333333333
X 1 66 0.00815850815851 0.118881118881 13.7121212121 50.5757575758 -0.030303030303 37.9090909091 -0.878787878788 0.893939393939 0.606060606061 -2.975 -0.457627118644
Y 1 56 0.0 0.182005494505 10.7142857143 55.2678571429 0.0 83.5714285714 0.0 0.910714285714 0.428571428571 -5.54166666667 -0.666666666667
Z 1 64 -0.0403645833333 0.115985576923 11.015625 54.390625 -1.234375 33.953125 -25.734375 0.59375 0.71875 -2.80434782609 -1.0
a 0 53 -0.0264150943396 -0.0428156748911 9.47169811321 23.2264150943 0.169811320755 -15.6037735849 -6.05660377358 0.566037735849 0.603773584906 1.15625 -0.4
b 0 65 -0.119230769231 0.0301775147929 14.0153846154 33.0615384615 -5.0 16.2923076923 -82.3538461538 0.676923076923 0.492307692308 -0.21875 -1.31818181818
c 1 42 -0.0952380952381 -0.0485347985348 9.04761904762 25.6904761905 -0.0952380952381 -13.2380952381 0.904761904762 0.547619047619 0.619047619048 1.73076923077 -1.13043478261
d 0 68 0.0695187165775 0.0361990950226 12.0 34.6176470588 5.45588235294 14.6911764706 62.8088235294 0.691176470588 0.352941176471 0.875 0.765957446809
e 0 52 -0.00874125874126 -0.0436390532544 10.1730769231 21.7115384615 -0.211538461538 -9.67307692308 3.17307692308 0.480769230769 0.653846153846 1.70588235294 -0.24
f 1 53 -0.0566037735849 0.100145137881 6.96226415094 48.3396226415 4.49056603774 16.3773584906 5.16981132075 0.660377358491 0.490566037736 -3.76923076923 -1.2
g 0 67 0.0135685210312 -0.0981630309989 11.3134328358 34.9701492537 0.149253731343 -27.2835820896 3.37313432836 0.65671641791 0.417910447761 3.53571428571 0.113636363636
h 1 73 -0.0958904109589 0.0031612223393 13.8082191781 35.2876712329 -4.76712328767 3.72602739726 -67.2054794521 0.72602739726 0.41095890411 0.133333333333 -1.22641509434
i 1 46 -0.0869565217391 0.0652173913043 4.69565217391 41.7826086957 -0.826086956522 4.5652173913 -20.9130434783 0.5 0.434782608696 -2.35 -0.0869565217391
j 1 52 0.0240384615385 0.0103550295858 4.88461538462 51.8846153846 2.86538461538 -6.63461538462 -2.75 0.865384615385 0.461538461538 0.0 -0.711111111111
k 1 67 -0.0569877883311 0.0390355912744 11.0447761194 43.1940298507 -5.53731343284 8.16417910448 -48.2537313433 0.761194029851 0.44776119403 -0.1 -0.882352941176
l 1 46 -0.0807453416149 0.0760869565217 4.91304347826 46.5434782609 -2.76086956522 9.80434782609 -16.8043478261 0.54347826087 0.304347826087 0.285714285714 0.0
m 1 91 -0.00775694893342 -0.0494505494505 25.978021978 22.6923076923 -0.582417582418 -43.043956044 -3.02197802198 0.725274725275 0.373626373626 0.676470588235 0.257575757576
n 1 63 -0.0634920634921 -0.0586080586081 13.4603174603 24.2857142857 0.507936507937 -24.0634920635 -16.7301587302 0.650793650794 0.412698412698 1.96153846154 -0.341463414634
o 0 52 0.00524475524476 -0.0384615384615 11.4038461538 19.1153846154 -0.0576923076923 -11.4038461538 0.0961538461538 0.673076923077 0.5 1.5 0.257142857143
p 0 64 -0.109375 -0.0198317307692 14.125 29.640625 3.671875 -12.578125 -67.953125 0.65625 0.46875 0.633333333333 -1.16666666667
q 0 63 0.0562770562771 -0.00671550671551 12.1111111111 28.0158730159 -3.55555555556 -6.31746031746 40.8888888889 0.714285714286 0.380952380952 0.583333333333 0.733333333333
r 1 38 -0.102339181287 0.0617408906883 7.5 27.5 2.31578947368 12.8947368421 -5.21052631579 0.526315789474 0.473684210526 -2.38888888889 -0.65
s 1 43 -0.0302325581395 0.0241502683363 7.6511627907 24.5348837209 -0.093023255814 0.93023255814 -8.60465116279 0.720930232558 0.744186046512 -0.15625 -1.1935483871
t 1 46 -0.0942028985507 0.0794314381271 7.58695652174 38.4130434783 -5.08695652174 16.0869565217 -35.4782608696 0.521739130435 0.478260869565 -0.636363636364 -0.666666666667
u 1 61 -0.0614754098361 0.0491803278689 12.7704918033 22.4262295082 -2.24590163934 22.3770491803 -16.2459016393 0.72131147541 0.393442622951 0.166666666667 -0.727272727273
v 1 52 -0.0496794871795 0.0865384615385 10.5192307692 25.25 -1.21153846154 37.8653846154 -12.0192307692 0.807692307692 0.423076923077 -1.81818181818 -1.38095238095
x 1 50 0.02 0.0292307692308 10.78 27.88 -0.54 5.34 6.22 0.86 0.64 -0.84375 -0.418604651163
y 1 59 -0.0960451977401 0.0156453715776 11.593220339 34.3389830508 4.13559322034 8.33898305085 -61.0508474576 0.830508474576 0.474576271186 0.678571428571 -1.65306122449
z 1 47 -0.0116054158607 0.0229132569558 7.95744680851 27.914893617 0.0851063829787 -0.63829787234 0.212765957447 0.63829787234 0.723404255319 0.0 -1.1
& -1 73 -0.0158061116965 0.0811380400421 13.6849315068 36.2465753425 -2.34246575342 15.5205479452 -22.1780821918 0.657534246575 0.630136986301 -1.65217391304 -0.875
1 1 41 -0.0274390243902 0.117260787992 4.75609756098 41.7317073171 -1.9512195122 19.3170731707 -14.1463414634 0.853658536585 0.341463414634 -2.42857142857 -0.885714285714
2 1 58 -0.025078369906 0.100795755968 9.62068965517 49.1724137931 -2.03448275862 21.1724137931 -25.2068965517 0.603448275862 0.689655172414 -1.925 -0.542857142857
3 1 56 -0.0392857142857 0.116758241758 9.03571428571 46.6428571429 -1.41071428571 26.625 -46.7678571429 0.678571428571 0.642857142857 -2.91666666667 -0.342105263158
4 0 53 0.0235849056604 0.0703918722787 9.30188679245 31.4905660377 0.811320754717 10.4339622642 37.3018867925 0.811320754717 0.528301886792 -1.0 -0.511627906977
5 1 54 -0.0277777777778 0.0826210826211 8.5 44.4814814815 0.574074074074 15.2777777778 -18.0925925926 0.703703703704 0.62962962963 -1.58823529412 -1.18421052632
6 0 61 -0.00447093889717 0.0649432534678 9.91803278689 33.3606557377 0.606557377049 11.5245901639 11.8196721311 0.688524590164 0.524590163934 -1.875 -0.380952380952
7 1 52 -0.0512820512821 0.135355029586 8.76923076923 52.1730769231 -0.288461538462 49.9038461538 -37.7115384615 0.730769230769 0.576923076923 -5.03333333333 -1.36842105263
8 -1 64 -0.0213068181818 0.0697115384615 10.578125 35.78125 0.265625 17.109375 -6.359375 0.6875 0.59375 -1.42105263158 -0.227272727273
9 0 59 -0.020030816641 0.0925684485007 9.77966101695 36.9491525424 1.16949152542 27.3728813559 -14.5254237288 0.728813559322 0.542372881356 -1.40625 -0.418604651163
0 0 66 -0.0137741046832 0.0769230769231 10.8787878788 31.9696969697 -0.30303030303 21.7575757576 -3.9696969697 0.651515151515 0.363636363636 -1.125 0.186046511628
( 1 53 -0.0448113207547 0.0283018867925 5.56603773585 58.6226415094 -1.09433962264 3.43396226415 31.0566037736 0.849056603774 0.377358490566 -0.05 -1.08888888889
$ 1 57 -0.0255183413078 0.0438596491228 8.14035087719 46.8947368421 -1.80701754386 7.73684210526 -14.9298245614 0.771929824561 0.701754385965 -0.95 -0.954545454545
. 1 14 -0.0833333333333 -0.192307692308 3.64285714286 29.0 2.5 -18.2142857143 -14.5 0.642857142857 0.714285714286 5.2 -0.777777777778
! 1 43 -0.0426356589147 0.0715563506261 3.6511627907 40.0465116279 -0.093023255814 7.76744186047 -14.3720930233 0.767441860465 0.441860465116 0.157894736842 -0.878787878788
? 1 39 -0.029304029304 0.0641025641026 3.28205128205 43.1025641026 -0.128205128205 5.51282051282 -10.5384615385 0.74358974359 0.769230769231 -1.9 -0.551724137931
) 1 53 -0.0896226415094 0.0283018867925 5.7358490566 58.6226415094 -0.0943396226415 1.15094339623 -93.4150943396 0.811320754717 0.377358490566 0.15 -1.11627906977
