A 0 78 -0.0288461538462 0.0493827160494 26.7820512821 32.9230769231 -0.858974358974 -60.6538461538 -18.5512820513 0.769230769231 0.589743589744 -0.565217391304 -1.25
B -1 89 -0.0539325842697 0.0932168123179 20.3820224719 45.595505618 -2.51685393258 46.8314606742 -54.6292134831 0.494382022472 0.584269662921 -2.09615384615 0.386363636364
C 1 86 -0.0494186046512 0.0925925925926 35.5697674419 49.1046511628 -2.51162790698 89.3720930233 -11.3720930233 0.581395348837 0.790697674419 -2.38235294118 -1.5
D 0 96 -0.0787037037037 0.0925925925926 34.0833333333 47.125 -3.54166666667 85.2083333333 -99.7083333333 0.520833333333 0.541666666667 -2.07692307692 0.08
E 1 83 -0.0315106580167 0.0928157072735 16.1927710843 51.6144578313 -0.879518072289 40.7590361446 -3.77108433735 0.361445783133 0.674698795181 -2.30357142857 -0.5
F 1 67 -0.102181400689 0.158651188502 16.3134328358 55.0298507463 1.89552238806 62.552238806 -29.0 0.477611940299 0.597014925373 -5.15 -0.96875
G 1 112 -0.00510204081633 0.087962962963 33.8928571429 39.8571428571 -0.714285714286 80.2142857143 -2.66071428571 0.5 0.803571428571 -2.33333333333 -1.35714285714
H 1 91 -0.0254120879121 0.0960520960521 31.1758241758 41.1648351648 -1.08791208791 77.8571428571 -18.6483516484 0.659340659341 0.417582417582 -2.23684210526 0.733333333333
I 1 42 -0.15873015873 0.0925925925926 4.66666666667 43.1666666667 -2.38095238095 11.6666666667 -40.1904761905 0.571428571429 0.285714285714 -1.25 -0.416666666667
J 1 54 0.108262108262 0.0521262002743 14.0 40.8148148148 12.1481481481 29.1111111111 97.0740740741 0.833333333333 0.481481481481 1.26923076923 1.08888888889
K 1 80 -0.0566666666667 0.0939814814815 22.35 47.8875 -2.425 56.15 -2.9 0.7875 0.525 -2.04761904762 -0.777777777778
L 1 56 -0.168956043956 0.0132275132275 17.7321428571 42.5714285714 -11.6428571429 18.25 -101.892857143 0.5 0.464285714286 2.61538461538 -1.96428571429
M 1 124 -0.0161290322581 0.0618279569892 51.8225806452 34.4435483871 0.217741935484 106.669354839 -3.08870967742 0.806451612903 0.354838709677 -1.40909090909 -0.06
N 1 99 -0.0291806958474 0.099139543584 35.9191919192 39.7676767677 1.16161616162 91.5858585859 -2.81818181818 0.757575757576 0.424242424242 -2.04761904762 0.0266666666667
O 0 96 0.0 0.0925925925926 39.75 45.25 0.0 99.375 0.0 0.625 0.666666666667 -2.25 0.1
P 0 76 -0.0859649122807 0.156432748538 22.7105263158 50.3552631579 1.71052631579 83.5 -50.8947368421 0.5 0.552631578947 -4.54761904762 -0.578947368421
Q -1 113 -0.0293644408689 0.0740740740741 39.2123893805 40.3362831858 -4.00884955752 78.2743362832 -25.6548672566 0.530973451327 0.761061946903 -1.94186046512 -0.25
R 1 92 -0.0957880434783 0.101449275362 24.7065217391 45.7826086957 -4.26086956522 61.1739130435 -68.0 0.608695652174 0.54347826087 -3.02 -0.839285714286
S 1 75 -0.0142857142857 0.0849382716049 15.0533333333 42.5333333333 -0.333333333333 28.68 -11.0533333333 0.72 0.8 -2.45 -1.22222222222
T 1 56 -0.00412087912088 0.160052910053 8.625 63.1071428571 0.446428571429 68.375 -0.696428571429 0.75 0.5 -6.5 -1.0
U 1 85 -0.0308823529412 0.0980392156863 28.0941176471 44.5764705882 -1.0 111.564705882 -17.4235294118 0.741176470588 0.4 -0.176470588235 -0.0952380952381
V 1 72 0.0 0.139403292181 26.1388888889 45.4583333333 0.0 189.027777778 0.0 0.930555555556 0.5 -3.47222222222 -0.611940298507
W 1 125 0.0064 0.122666666667 47.632 42.608 1.52 243.344 18.56 0.936 0.384 -2.41666666667 -0.683760683761
X 1 76 -0.0061919504644 0.0896686159844 22.1315789474 51.7368421053 -0.592105263158 48.7763157895 -4.75 0.881578947368 0.710526315789 -2.18518518519 -0.820895522388
Y 1 63 -0.0130718954248 0.1569664903 17.5555555556 55.3492063492 -0.111111111111 144.079365079 -2.07936507937 0.904761904762 0.571428571429 -4.58333333333 -0.929824561404
Z 1 74 -0.0405405405405 0.0915915915916 14.6756756757 59.2837837838 -0.945945945946 34.7837837838 -28.1081081081 0.581081081081 0.783783783784 -2.41379310345 -1.3488372093
a 0 74 0.00825825825826 0.0185185185185 26.2297297297 26.3378378378 0.0810810810811 13.0 15.8648648649 0.743243243243 0.72972972973 -0.296296296296 -0.854545454545
b 0 86 -0.0683994528044 0.0542635658915 28.976744186 35.488372093 -6.48837209302 53.3953488372 -97.8139534884 0.558139534884 0.558139534884 -0.416666666667 -0.1875
c 1 68 -0.0303308823529 0.0185185185185 23.2205882353 25.5588235294 -0.308823529412 10.75 -4.54411764706 0.558823529412 0.794117647059 -0.351851851852 -1.02631578947
d 0 84 0.0490196078431 0.0643738977072 27.3095238095 37.6428571429 7.65476190476 59.4880952381 98.4404761905 0.690476190476 0.619047619048 -0.596153846154 1.08620689655
e 0 80 -0.03203125 0.0171296296296 19.5375 21.7125 -0.375 9.65 -12.2 0.4625 0.75 -0.316666666667 -0.621621621622
f 1 48 -0.0291666666667 0.114969135802 7.04166666667 45.3541666667 3.72916666667 32.7291666667 24.7708333333 0.833333333333 0.4375 -5.04761904762 -1.325
g 0 99 0.0445632798574 -0.0778151889263 24.4343434343 44.5656565657 0.292929292929 -28.1515151515 37.101010101 0.686868686869 0.686868686869 2.76470588235 -0.0882352941176
h 1 77 -0.0536796536797 0.0615680615681 25.5844155844 34.961038961 -7.72727272727 28.2987012987 -78.7142857143 0.649350649351 0.363636363636 -2.32142857143 0.24
i 1 42 0.0 0.0925925925926 3.52380952381 43.1666666667 0.0 8.80952380952 0.0 0.571428571429 0.190476190476 -0.375 0.5
j 1 54 0.0694444444444 -0.0144032921811 5.14814814815 58.7222222222 4.46296296296 -7.27777777778 4.57407407407 0.925925925926 0.259259259259 5.64285714286 -0.2
k 1 72 -0.0865384615385 0.0658436213992 16.4861111111 38.5 -5.41666666667 31.75 -57.5 0.694444444444 0.5 -0.555555555556 -0.54
l 1 42 0.0 0.0925925925926 3.52380952381 43.1666666667 0.0 8.80952380952 0.0 0.571428571429 0.190476190476 -0.375 0.5
m 1 106 -0.0135356849877 0.0241090146751 52.7075471698 26.2924528302 -3.05660377358 5.60377358491 -14.1886792453 0.698113207547 0.433962264151 -1.84782608696 0.891891891892
n 1 69 -0.0212560386473 0.0236178207193 25.1884057971 25.5072463768 -2.34782608696 -4.66666666667 -17.6811594203 0.666666666667 0.405797101449 -1.89285714286 0.847826086957
o 0 68 0.0268166089965 0.0185185185185 23.2794117647 24.2647058824 0.220588235294 11.75 12.1029411765 0.75 0.705882352941 -0.3125 -0.549019607843
p 0 88 -0.0748663101604 -0.0277777777778 29.2272727273 36.1590909091 6.89772727273 -35.125 -105.579545455 0.556818181818 0.545454545455 0.333333333333 -0.30612244898
q 0 88 0.0568181818182 -0.0366161616162 26.8522727273 37.6931818182 -7.90909090909 -39.1818181818 100.431818182 0.681818181818 0.613636363636 0.703703703704 1.16666666667
r 1 40 -0.133333333333 0.0527777777778 7.8 27.825 2.425 12.775 -19.175 0.45 0.4 -2.625 -0.944444444444
s 1 55 0.0247933884298 0.0141414141414 9.58181818182 24.0181818182 0.0909090909091 2.12727272727 9.50909090909 0.709090909091 0.8 -0.568181818182 -0.435897435897
t 1 46 -0.0391304347826 0.0885668276973 5.95652173913 41.0 -1.30434782609 20.7826086957 -20.1739130435 0.826086956522 0.478260869565 -2.86363636364 -1.21052631579
u 1 70 0.0142857142857 0.0100529100529 25.5285714286 25.3857142857 -1.44285714286 25.9285714286 9.84285714286 0.7 0.4 2.46428571429 0.551020408163
v 1 57 -0.0438596491228 0.0675763482781 18.6666666667 24.4561403509 -0.438596491228 76.1228070175 -11.8421052632 0.877192982456 0.526315789474 -1.53333333333 -1.4
w 1 91 -0.0164835164835 0.039479039479 36.3846153846 21.989010989 0.516483516484 110.406593407 -1.79120879121 0.835164835165 0.461538461538 -0.5 -1.17105263158
x 1 58 -0.0381773399015 0.0185185185185 16.0862068966 30.5689655172 -0.241379310345 7.86206896552 -11.724137931 0.862068965517 0.724137931034 -0.333333333333 -1.22
y 1 64 -0.0239583333333 -0.00462962962963 15.078125 38.25 3.25 44.84375 -34.3125 0.953125 0.5 0.34375 -1.03278688525
z 1 60 -0.0230769230769 0.0104938271605 12.4666666667 32.8833333333 -1.66666666667 -0.933333333333 -8.63333333333 0.483333333333 0.8 -0.125 -0.896551724138
& -1 94 -0.023516237402 0.0622537431048 25.1489361702 37.6808510638 -2.3829787234 5.55319148936 -26.5319148936 0.734042553191 0.68085106383 -1.0625 -1.08695652174
1 1 47 0.0664893617021 0.127659574468 5.25531914894 52.8085106383 -1.65957446809 22.9787234043 -4.12765957447 0.851063829787 0.297872340426 -5.0 -0.1
2 1 77 0.0181818181818 0.0649350649351 17.2597402597 47.8311688312 0.012987012987 25.0 5.85714285714 0.649350649351 0.818181818182 -1.30158730159 -0.52
3 1 76 0.0149122807018 0.0916179337232 15.0657894737 43.2105263158 0.394736842105 24.7894736842 0.5 0.736842105263 0.736842105263 -2.26785714286 -0.5
4 0 67 0.0606965174129 -0.00718629076838 16.3432835821 26.9701492537 3.61194029851 -15.8208955224 49.8805970149 0.716417910448 0.597014925373 0.925 0.645833333333
5 1 81 0.0197530864198 0.0338363054412 16.9135802469 40.049382716 1.51851851852 4.16049382716 18.7037037037 0.666666666667 0.765432098765 -1.01612903226 -0.833333333333
6 0 70 0.0180952380952 -0.015873015873 17.2714285714 33.0285714286 1.58571428571 -24.6714285714 14.8714285714 0.757142857143 0.628571428571 0.977272727273 -0.245283018868
7 1 58 -0.0026525198939 0.0913154533844 11.1034482759 49.5689655172 5.05172413793 46.2931034483 -25.8103448276 0.758620689655 0.655172413793 -3.13157894737 -0.681818181818
8 -1 78 0.00769230769231 0.0156695156695 16.5769230769 36.4230769231 0.025641025641 -1.79487179487 2.12820512821 0.769230769231 0.692307692308 -0.296296296296 -0.716666666667
9 0 69 0.0115942028986 0.0670960815888 16.6956521739 35.0579710145 1.21739130435 49.8260869565 3.27536231884 0.753623188406 0.666666666667 -1.5 -0.365384615385
0 0 84 0.015873015873 0.0180776014109 21.4761904762 36.8452380952 0.0714285714286 10.5476190476 14.1666666667 0.690476190476 0.47619047619 0.075 0.224137931034
( 1 51 -0.0843137254902 -0.0305010893246 8.80392156863 51.6862745098 0.803921568627 -7.07843137255 33.1960784314 0.745098039216 0.549019607843 1.25 -1.34210526316
$ 1 74 0.0322245322245 0.0535535535536 13.0675675676 41.6621621622 1.52702702703 14.3648648649 17.5540540541 0.783783783784 0.702702702703 -1.09615384615 -0.620689655172
. 1 15 -0.0333333333333 -0.251851851852 3.0 50.5333333333 1.73333333333 -20.4 -15.3333333333 0.733333333333 0.666666666667 7.1 -1.09090909091
! 1 42 0.00952380952381 0.0185185185185 3.38095238095 37.1666666667 -0.214285714286 2.40476190476 0.97619047619 0.619047619048 0.238095238095 2.1 0.307692307692
? 1 60 -0.00952380952381 0.0746913580247 13.0666666667 41.5166666667 -0.633333333333 54.9 -16.2 0.783333333333 0.633333333333 -2.57894736842 -0.531914893617
) 1 51 -0.0156862745098 -0.0305010893246 8.11764705882 51.6862745098 0.0196078431373 -6.29411764706 -84.8823529412 0.823529411765 0.549019607843 1.25 -0.47619047619
